Case	Actor	Partner	Group	Dyad	Wert
1	1	2	1	1	3
4	2	1	1	1	4
2	1	3	1	2	3
7	3	1	1	2	4
3	1	4	1	3	4
10	4	1	1	3	4
5	2	3	1	4	4
8	3	2	1	4	4
6	2	4	1	5	4
11	4	2	1	5	4
9	3	4	1	6	4
12	4	3	1	6	3
21	13	14	2	11	3
24	14	13	2	11	4
14	11	13	2	12	4
19	13	11	2	12	5
17	12	13	2	13	5
20	13	12	2	13	3
15	11	14	2	14	4
22	14	11	2	14	4
18	12	14	2	15	5
23	14	12	2	15	3
13	11	12	2	16	3
16	12	11	2	16	5
25	21	22	3	21	5
28	22	21	3	21	5
26	21	23	3	22	4
31	23	21	3	22	4
27	21	24	3	23	4
34	24	21	3	23	4
29	22	23	3	24	4
32	23	22	3	24	3
30	22	24	3	25	4
35	24	22	3	25	3
33	23	24	3	26	2
36	24	23	3	26	3
45	33	34	4	31	4
48	34	33	4	31	4
38	31	33	4	32	4
43	33	31	4	32	3
41	32	33	4	33	4
44	33	32	4	33	3
39	31	34	4	34	4
46	34	31	4	34	5
42	32	34	4	35	4
47	34	32	4	35	4
37	31	32	4	36	4
40	32	31	4	36	4
49	41	42	5	41	5
52	42	41	5	41	5
50	41	43	5	42	5
55	43	41	5	42	5
51	41	44	5	43	5
58	44	41	5	43	5
53	42	43	5	44	4
56	43	42	5	44	3
54	42	44	5	45	3
59	44	42	5	45	4
57	43	44	5	46	4
60	44	43	5	46	3
69	53	54	6	51	5
72	54	53	6	51	4
62	51	53	6	52	5
67	53	51	6	52	3
65	52	53	6	53	4
68	53	52	6	53	4
63	51	54	6	54	5
70	54	51	6	54	2
66	52	54	6	55	3
71	54	52	6	55	3
61	51	52	6	56	4
64	52	51	6	56	2
73	61	62	7	61	4
76	62	61	7	61	5
74	61	63	7	62	4
79	63	61	7	62	5
75	61	64	7	63	3
82	64	61	7	63	5
77	62	63	7	64	4
80	63	62	7	64	5
78	62	64	7	65	4
83	64	62	7	65	3
81	63	64	7	66	5
84	64	63	7	66	4
93	73	74	8	71	4
96	74	73	8	71	3
86	71	73	8	72	3
91	73	71	8	72	4
89	72	73	8	73	4
92	73	72	8	73	4
87	71	74	8	74	4
94	74	71	8	74	4
90	72	74	8	75	4
95	74	72	8	75	4
85	71	72	8	76	4
88	72	71	8	76	4
97	81	82	9	81	4
100	82	81	9	81	3
98	81	83	9	82	4
103	83	81	9	82	5
99	81	84	9	83	4
106	84	81	9	83	4
101	82	83	9	84	2
104	83	82	9	84	4
102	82	84	9	85	4
107	84	82	9	85	4
105	83	84	9	86	5
108	84	83	9	86	4
117	93	94	10	91	2
120	94	93	10	91	3
110	91	93	10	92	4
115	93	91	10	92	3
113	92	93	10	93	4
116	93	92	10	93	4
111	91	94	10	94	3
118	94	91	10	94	4
114	92	94	10	95	4
119	94	92	10	95	4
109	91	92	10	96	4
112	92	91	10	96	4
121	101	102	11	101	5
124	102	101	11	101	5
122	101	103	11	102	3
127	103	101	11	102	3
123	101	104	11	103	4
130	104	101	11	103	4
125	102	103	11	104	2
128	103	102	11	104	4
126	102	104	11	105	4
131	104	102	11	105	4
129	103	104	11	106	3
132	104	103	11	106	3
141	113	114	12	111	4
144	114	113	12	111	5
134	111	113	12	112	4
139	113	111	12	112	5
137	112	113	12	113	4
140	113	112	12	113	3
135	111	114	12	114	4
142	114	111	12	114	4
138	112	114	12	115	4
143	114	112	12	115	2
133	111	112	12	116	4
136	112	111	12	116	4
145	121	122	13	121	5
148	122	121	13	121	5
146	121	123	13	122	5
151	123	121	13	122	4
147	121	124	13	123	5
154	124	121	13	123	5
149	122	123	13	124	4
152	123	122	13	124	3
150	122	124	13	125	5
155	124	122	13	125	5
153	123	124	13	126	4
156	124	123	13	126	5
165	133	134	14	131	3
168	134	133	14	131	3
158	131	133	14	132	4
163	133	131	14	132	3
161	132	133	14	133	5
164	133	132	14	133	5
159	131	134	14	134	4
166	134	131	14	134	3
162	132	134	14	135	4
167	134	132	14	135	4
157	131	132	14	136	4
160	132	131	14	136	3
169	141	142	15	141	4
172	142	141	15	141	4
170	141	143	15	142	4
175	143	141	15	142	3
171	141	144	15	143	4
178	144	141	15	143	3
173	142	143	15	144	4
176	143	142	15	144	4
174	142	144	15	145	4
179	144	142	15	145	4
177	143	144	15	146	4
180	144	143	15	146	4
189	153	154	16	151	3
192	154	153	16	151	3
182	151	153	16	152	4
187	153	151	16	152	4
185	152	153	16	153	2
188	153	152	16	153	3
183	151	154	16	154	4
190	154	151	16	154	4
186	152	154	16	155	2
191	154	152	16	155	3
181	151	152	16	156	4
184	152	151	16	156	2
193	161	162	17	161	5
196	162	161	17	161	4
194	161	163	17	162	3
199	163	161	17	162	3
195	161	164	17	163	4
202	164	161	17	163	4
197	162	163	17	164	4
200	163	162	17	164	5
198	162	164	17	165	4
203	164	162	17	165	5
201	163	164	17	166	4
204	164	163	17	166	4
213	173	174	18	171	4
216	174	173	18	171	3
206	171	173	18	172	4
211	173	171	18	172	4
209	172	173	18	173	4
212	173	172	18	173	4
207	171	174	18	174	4
214	174	171	18	174	3
210	172	174	18	175	4
215	174	172	18	175	3
205	171	172	18	176	3
208	172	171	18	176	4
217	181	182	19	181	4
220	182	181	19	181	4
218	181	183	19	182	2
223	183	181	19	182	4
219	181	184	19	183	5
226	184	181	19	183	4
221	182	183	19	184	4
224	183	182	19	184	5
222	182	184	19	185	5
227	184	182	19	185	4
225	183	184	19	186	4
228	184	183	19	186	4
237	193	194	20	191	5
240	194	193	20	191	2
230	191	193	20	192	3
235	193	191	20	192	5
233	192	193	20	193	3
236	193	192	20	193	5
231	191	194	20	194	4
238	194	191	20	194	4
234	192	194	20	195	4
239	194	192	20	195	3
229	191	192	20	196	3
232	192	191	20	196	4
241	201	202	21	201	4
244	202	201	21	201	4
242	201	203	21	202	4
247	203	201	21	202	5
243	201	204	21	203	3
250	204	201	21	203	4
245	202	203	21	204	4
248	203	202	21	204	4
246	202	204	21	205	3
251	204	202	21	205	3
249	203	204	21	206	3
252	204	203	21	206	4
261	213	214	22	211	2
264	214	213	22	211	5
254	211	213	22	212	5
259	213	211	22	212	2
257	212	213	22	213	4
260	213	212	22	213	4
255	211	214	22	214	3
262	214	211	22	214	5
258	212	214	22	215	4
263	214	212	22	215	5
253	211	212	22	216	5
256	212	211	22	216	4
265	221	222	23	221	4
268	222	221	23	221	3
266	221	223	23	222	4
271	223	221	23	222	4
267	221	224	23	223	3
274	224	221	23	223	4
269	222	223	23	224	4
272	223	222	23	224	4
270	222	224	23	225	4
275	224	222	23	225	5
273	223	224	23	226	4
276	224	223	23	226	5
285	233	234	24	231	3
288	234	233	24	231	4
278	231	233	24	232	3
283	233	231	24	232	4
281	232	233	24	233	4
284	233	232	24	233	5
279	231	234	24	234	2
286	234	231	24	234	4
282	232	234	24	235	3
287	234	232	24	235	4
277	231	232	24	236	4
280	232	231	24	236	4
