"Group" "Actor" "Partner" "Dyad" "Wert"
1 1 2 1 3.82872589416621
1 1 3 2 2.79022405677329
1 1 4 3 2.86154366467064
1 1 5 4 3.97980502200695
1 1 6 5 4.98019515751892
1 1 7 6 3.50583748001317
1 1 8 7 3.07242818625992
1 1 9 8 3.1965162477501
1 1 10 9 2.47881604132252
1 1 11 10 2.62899394969148
1 1 12 11 4.43068646376065
1 2 3 12 3.60472109933547
1 2 4 13 2.58091613204045
1 2 5 14 3.22237162334007
1 2 6 15 3.30722157851014
1 2 7 16 3.10924525232032
1 2 8 17 3.11834383761974
1 2 9 18 4.30867606936929
1 2 10 19 4.05994680573532
1 2 11 20 3.76836663633431
1 2 12 21 4.8919007724915
1 3 4 22 2.80766579382172
1 3 5 23 4.45488100957212
1 3 6 24 3.25890437310423
1 3 7 25 2.90475452518981
1 3 8 26 4.19616639536201
1 3 9 27 2.55165103081764
1 3 10 28 2.57858267268184
1 3 11 29 3.21173609608197
1 3 12 30 3.87132186737299
1 4 5 31 1.30600693389206
1 4 6 32 2.73847723577248
1 4 7 33 1.18702520250066
1 4 8 34 1.77923411289561
1 4 9 35 2.29669530889593
1 4 10 36 0.913883186428987
1 4 11 37 1.54072566832867
1 4 12 38 1.40279764620883
1 5 6 39 2.6123817706195
1 5 7 40 2.61226274452923
1 5 8 41 2.75984059991327
1 5 9 42 4.12814102271072
1 5 10 43 2.018704890617
1 5 11 44 3.14467121909851
1 5 12 45 4.00383900344628
1 6 7 46 2.41991869901944
1 6 8 47 3.16711055154537
1 6 9 48 3.94833053248763
1 6 10 49 2.21062403699101
1 6 11 50 4.20704047832062
1 6 12 51 2.39015920143869
1 7 8 52 2.54570842364332
1 7 9 53 2.38568704903682
1 7 10 54 3.39578570853128
1 7 11 55 2.18972161417439
1 7 12 56 3.47704513355038
1 8 9 57 2.86420797847088
1 8 10 58 2.08663138752713
1 8 11 59 4.0138580740396
1 8 12 60 2.97955255382637
1 9 10 61 2.581904760236
1 9 11 62 3.94909737305149
1 9 12 63 2.71055125010762
1 10 11 64 2.79077504213173
1 10 12 65 1.9204498174388
1 11 12 66 2.71024643116286
2 13 14 67 2.59795490243572
2 13 15 68 6.14014857601431
2 13 16 69 3.8005045796663
2 13 17 70 4.48047028735224
2 13 18 71 4.10834013226845
2 13 19 72 3.34142958327514
2 13 20 73 3.56212189649807
2 13 21 74 2.90772519137645
2 13 22 75 3.94696488840468
2 13 23 76 3.44408877775331
2 13 24 77 3.55946329963282
2 14 15 78 4.33145726958753
2 14 16 79 3.12762622249221
2 14 17 80 4.03590317557187
2 14 18 81 1.20042752326033
2 14 19 82 3.61644627237883
2 14 20 83 3.65413590541786
2 14 21 84 2.17323793592258
2 14 22 85 4.0645167712735
2 14 23 86 2.80960396588703
2 14 24 87 3.03573337854274
2 15 16 88 2.30431744803788
2 15 17 89 3.26276726501529
2 15 18 90 0.887743833399116
2 15 19 91 3.27670669103357
2 15 20 92 2.66591029635179
2 15 21 93 2.32929047239952
2 15 22 94 2.77727645528545
2 15 23 95 1.72573676133428
2 15 24 96 1.71157399923673
2 16 17 97 3.41023411124151
2 16 18 98 2.26875886886722
2 16 19 99 2.12764087939344
2 16 20 100 4.37957662015868
2 16 21 101 3.04827383196053
2 16 22 102 2.02279023338613
2 16 23 103 1.68195850058424
2 16 24 104 2.34999068604819
2 17 18 105 3.31131776332876
2 17 19 106 3.5381252812828
2 17 20 107 5.07693740144577
2 17 21 108 2.88961476345232
2 17 22 109 3.69668094412808
2 17 23 110 3.0157484696261
2 17 24 111 3.87051510007168
2 18 19 112 3.72785641865763
2 18 20 113 3.89591690214797
2 18 21 114 3.72841369996346
2 18 22 115 3.61079549138058
2 18 23 116 2.99964051522239
2 18 24 117 2.20523046187895
2 19 20 118 4.64661671012285
2 19 21 119 3.29895811236158
2 19 22 120 3.23773431507067
2 19 23 121 4.75962083230898
2 19 24 122 3.00450313451982
2 20 21 123 3.33976804968028
2 20 22 124 4.06214655996798
2 20 23 125 4.05002083646216
2 20 24 126 3.57225008022751
2 21 22 127 2.59078816859398
2 21 23 128 2.29448897535755
2 21 24 129 1.85936541327082
2 22 23 130 3.50539364959981
2 22 24 131 2.48188049851146
2 23 24 132 3.64349028200954
3 25 26 133 2.92239070477782
3 25 27 134 2.79879683267126
3 25 28 135 2.65285102441257
3 25 29 136 3.35039225100845
3 25 30 137 1.937357390645
3 25 31 138 2.01231841494239
3 25 32 139 2.26374929584948
3 25 33 140 1.86401603529135
3 25 34 141 1.39143976571135
3 25 35 142 1.96252739961573
3 25 36 143 3.53619290445032
3 26 27 144 4.17078927635055
3 26 28 145 1.22739488577476
3 26 29 146 2.01848567135319
3 26 30 147 1.83125489437114
3 26 31 148 0.960740581914257
3 26 32 149 3.22406340957038
3 26 33 150 2.77171130438457
3 26 34 151 1.24101529923016
3 26 35 152 1.62636294943558
3 26 36 153 1.7955781373505
3 27 28 154 1.23742104994682
3 27 29 155 2.83882499330511
3 27 30 156 3.64319469962121
3 27 31 157 2.14719155147523
3 27 32 158 3.85584428123105
3 27 33 159 2.42263872957322
3 27 34 160 2.01698284371216
3 27 35 161 2.70880082661294
3 27 36 162 2.67902904360883
3 28 29 163 3.96810325398955
3 28 30 164 3.92193846063473
3 28 31 165 2.19415005253886
3 28 32 166 4.1137087047729
3 28 33 167 2.5038055913562
3 28 34 168 2.01718712593008
3 28 35 169 2.8653254078151
3 28 36 170 2.77930342608258
3 29 30 171 4.23256636159455
3 29 31 172 3.72460365250378
3 29 32 173 3.47475560044773
3 29 33 174 3.40487526101861
3 29 34 175 3.1839351300636
3 29 35 176 2.94816784746939
3 29 36 177 3.42702865934968
3 30 31 178 3.30124813557552
3 30 32 179 3.01922988924028
3 30 33 180 3.45596094540034
3 30 34 181 2.57743741500531
3 30 35 182 1.40011366271316
3 30 36 183 3.08691025338327
3 31 32 184 3.91005704383309
3 31 33 185 3.60531117258212
3 31 34 186 4.12830193724155
3 31 35 187 3.52660881113951
3 31 36 188 4.07840451136263
3 32 33 189 3.1248486679373
3 32 34 190 3.39878160681014
3 32 35 191 4.16636602959643
3 32 36 192 4.02314249762274
3 33 34 193 4.67253350070827
3 33 35 194 3.21993760555247
3 33 36 195 3.92316382087966
3 34 35 196 2.84750600615165
3 34 36 197 2.63194065711688
3 35 36 198 3.17141924721544
4 37 38 199 3.68584453774631
4 37 39 200 1.98892407785667
4 37 40 201 3.01313442730183
4 37 41 202 2.00163143536178
4 37 42 203 2.36003234966859
4 37 43 204 1.81341810008093
4 37 44 205 2.89369212477737
4 37 45 206 1.89898465505432
4 37 46 207 2.63882882307451
4 37 47 208 2.55226743787741
4 37 48 209 4.23419149179447
4 38 39 210 1.85584442740237
4 38 40 211 3.36292571476313
4 38 41 212 0.875852773679848
4 38 42 213 3.30211042735472
4 38 43 214 1.89833009329116
4 38 44 215 3.08325859428598
4 38 45 216 1.54965944322066
4 38 46 217 2.67107265872958
4 38 47 218 2.13772142593623
4 38 48 219 1.83466915534652
4 39 40 220 3.82710978798413
4 39 41 221 2.47521891184146
4 39 42 222 3.22270046038153
4 39 43 223 3.17546766534288
4 39 44 224 3.09015571849194
4 39 45 225 2.00234203669158
4 39 46 226 2.13787424018921
4 39 47 227 2.69071221235305
4 39 48 228 3.02536041429804
4 40 41 229 2.5815039359111
4 40 42 230 2.73827093011764
4 40 43 231 2.94697950626546
4 40 44 232 3.70088376639008
4 40 45 233 3.72340721286972
4 40 46 234 2.30862286662385
4 40 47 235 2.63685143862648
4 40 48 236 3.25990515158871
4 41 42 237 2.91940899436065
4 41 43 238 3.79131967768496
4 41 44 239 1.8099375711769
4 41 45 240 2.42766800879341
4 41 46 241 2.33161142793617
4 41 47 242 1.13611042816755
4 41 48 243 2.80647162858552
4 42 43 244 3.82529610912201
4 42 44 245 3.2161232390499
4 42 45 246 2.38462100740338
4 42 46 247 3.88627018888243
4 42 47 248 2.87012282890487
4 42 48 249 3.42727222136608
4 43 44 250 2.17264273047739
4 43 45 251 2.52636717110637
4 43 46 252 2.19962674053196
4 43 47 253 1.47251863719474
4 43 48 254 3.1393189085469
4 44 45 255 2.75950050170674
4 44 46 256 1.98467503964756
4 44 47 257 2.59822922040517
4 44 48 258 2.23551838974645
4 45 46 259 3.70499134712971
4 45 47 260 2.30881110618033
4 45 48 261 3.01910127769034
4 46 47 262 3.89923301118024
4 46 48 263 3.56893937117386
4 47 48 264 3.40244881831485
5 49 50 265 3.11452180827171
5 49 51 266 2.75236922833201
5 49 52 267 4.39811106435461
5 49 53 268 4.4865948564316
5 49 54 269 2.25633110142135
5 49 55 270 2.73420108274864
5 49 56 271 4.61759911755195
5 49 57 272 2.90666801999305
5 49 58 273 2.69967309727708
5 49 59 274 4.71879277378535
5 49 60 275 3.71907318826808
5 50 51 276 3.76423871356265
5 50 52 277 3.51827634488423
5 50 53 278 3.32809415436486
5 50 54 279 3.20176240656101
5 50 55 280 4.03143705437023
5 50 56 281 2.58751010122273
5 50 57 282 2.80259747550298
5 50 58 283 2.6719827434941
5 50 59 284 3.11765076664866
5 50 60 285 4.26412491836139
5 51 52 286 2.41742695752868
5 51 53 287 6.471710359458
5 51 54 288 2.8949660592231
5 51 55 289 4.78413802967196
5 51 56 290 3.38581070175153
5 51 57 291 2.85008023979223
5 51 58 292 3.41520043700461
5 51 59 293 4.2193345322095
5 51 60 294 4.83812139195828
5 52 53 295 3.79060933303988
5 52 54 296 2.65076714941594
5 52 55 297 2.25377909353663
5 52 56 298 4.00755691447042
5 52 57 299 2.48667496016935
5 52 58 300 3.61221299350766
5 52 59 301 4.15242401919653
5 52 60 302 3.14596689878299
5 53 54 303 1.91912415228428
5 53 55 304 3.61662859098181
5 53 56 305 4.71930643632693
5 53 57 306 4.18065850547289
5 53 58 307 3.86609309323847
5 53 59 308 4.89445816751186
5 53 60 309 4.07394204980633
5 54 55 310 3.55418688429918
5 54 56 311 3.04842855113964
5 54 57 312 2.83740485151125
5 54 58 313 2.213014355708
5 54 59 314 3.20852510723027
5 54 60 315 2.38728615259945
5 55 56 316 4.70168517420526
5 55 57 317 2.95472663197001
5 55 58 318 2.68521481627617
5 55 59 319 4.29933388965131
5 55 60 320 2.9398858470033
5 56 57 321 2.49165944794572
5 56 58 322 2.98323013035037
5 56 59 323 3.26948311913036
5 56 60 324 4.27706803687175
5 57 58 325 5.33928779317
5 57 59 326 4.83078152949114
5 57 60 327 5.48462843792715
5 58 59 328 3.64076655354278
5 58 60 329 4.6043973970202
5 59 60 330 4.24897703922242
6 61 62 331 3.32111828068361
6 61 63 332 4.6524719018207
6 61 64 333 1.73561620204293
6 61 65 334 3.48522500097311
6 61 66 335 5.18984178713154
6 61 67 336 2.6194301834029
6 61 68 337 1.49656480173219
6 61 69 338 3.44053996242978
6 61 70 339 3.57493034549749
6 61 71 340 3.80230761640856
6 61 72 341 2.9687577880124
6 62 63 342 3.46261438155087
6 62 64 343 1.7614054391856
6 62 65 344 1.84876173087485
6 62 66 345 2.50202938408384
6 62 67 346 2.56306404274269
6 62 68 347 1.30767306100647
6 62 69 348 2.4114000777325
6 62 70 349 2.38019862816618
6 62 71 350 1.32912863099846
6 62 72 351 2.06467186882034
6 63 64 352 3.05151362959986
6 63 65 353 3.88670275346044
6 63 66 354 4.98452689318698
6 63 67 355 3.76017935471464
6 63 68 356 2.33553957116106
6 63 69 357 3.6829404474612
6 63 70 358 5.12639019125496
6 63 71 359 2.03370611374546
6 63 72 360 1.59152266833625
6 64 65 361 3.14789603409668
6 64 66 362 2.84276097559845
6 64 67 363 2.70430119733598
6 64 68 364 2.66829197228409
6 64 69 365 2.71352344251854
6 64 70 366 3.18972938547259
6 64 71 367 3.37561333407458
6 64 72 368 2.00263938180752
6 65 66 369 5.50362129217076
6 65 67 370 3.48035270458918
6 65 68 371 2.30374781024252
6 65 69 372 3.4525050774847
6 65 70 373 4.40040513805777
6 65 71 374 3.17133236113715
6 65 72 375 2.83791556119769
6 66 67 376 3.77295738770773
6 66 68 377 0.988747350237344
6 66 69 378 3.2751271875048
6 66 70 379 3.66874059876679
6 66 71 380 3.32647657673765
6 66 72 381 2.14545194617932
6 67 68 382 2.60636340649393
6 67 69 383 2.21591397425263
6 67 70 384 4.23942299705676
6 67 71 385 2.61105990056831
6 67 72 386 1.87336034059282
6 68 69 387 3.4508530083325
6 68 70 388 3.70950331918429
6 68 71 389 2.22879244606178
6 68 72 390 1.94822539739825
6 69 70 391 3.77934490639216
6 69 71 392 2.96635978225456
6 69 72 393 3.10531464212153
6 70 71 394 4.15037312364823
6 70 72 395 3.88243336199717
6 71 72 396 3.32716327233523
7 73 74 397 3.97381098014943
7 73 75 398 4.4285811062195
7 73 76 399 3.58349954657548
7 73 77 400 5.780613879466
7 73 78 401 4.54422181733989
7 73 79 402 3.8618524077216
7 73 80 403 2.28111608548068
7 73 81 404 5.14820073229548
7 73 82 405 5.46109148577104
7 73 83 406 3.79711910018553
7 73 84 407 3.69530096106793
7 74 75 408 3.51400467958699
7 74 76 409 2.69316716030716
7 74 77 410 4.0357848046937
7 74 78 411 5.16536396178902
7 74 79 412 2.95448190551649
7 74 80 413 2.24829433442003
7 74 81 414 3.47069082187039
7 74 82 415 4.49364794294969
7 74 83 416 3.97009757225062
7 74 84 417 3.72564394926007
7 75 76 418 2.9991337055522
7 75 77 419 2.85188238921996
7 75 78 420 3.90360486849405
7 75 79 421 4.22519696168215
7 75 80 422 3.38640440053471
7 75 81 423 3.40658819141532
7 75 82 424 4.22945640340906
7 75 83 425 3.55107123506162
7 75 84 426 3.55366851106787
7 76 77 427 4.80544722784007
7 76 78 428 3.79835521412722
7 76 79 429 4.03771721558623
7 76 80 430 3.36413653251195
7 76 81 431 3.79130271132944
7 76 82 432 4.85791072597214
7 76 83 433 3.36443936038277
7 76 84 434 3.71485895070011
7 77 78 435 3.29968942989592
7 77 79 436 2.14782467734958
7 77 80 437 2.80831536709302
7 77 81 438 3.15714592002546
7 77 82 439 3.65893565871513
7 77 83 440 4.90932830403959
7 77 84 441 3.357159609519
7 78 79 442 2.55711738727334
7 78 80 443 2.97276115418016
7 78 81 444 3.54270730672009
7 78 82 445 2.8662904495211
7 78 83 446 4.14464873934965
7 78 84 447 2.33215296037819
7 79 80 448 1.60463594451185
7 79 81 449 1.95336931183336
7 79 82 450 3.19353946056124
7 79 83 451 4.41187755050496
7 79 84 452 2.90490511493265
7 80 81 453 3.13407654219852
7 80 82 454 5.34651046849399
7 80 83 455 4.58398043841766
7 80 84 456 3.49587495007609
7 81 82 457 2.77803577832435
7 81 83 458 4.30110693122079
7 81 84 459 1.89535035644986
7 82 83 460 3.39471116797871
7 82 84 461 1.34833616344548
7 83 84 462 3.52905444559239
8 85 86 463 3.43168269587532
8 85 87 464 4.11318929487171
8 85 88 465 2.53822938495186
8 85 89 466 3.60234154387217
8 85 90 467 3.38878104324345
8 85 91 468 3.19606233651525
8 85 92 469 4.80100727761808
8 85 93 470 3.162343135899
8 85 94 471 3.69269778905354
8 85 95 472 3.69684999820294
8 85 96 473 3.61889541085839
8 86 87 474 2.96784276008937
8 86 88 475 2.36667103151842
8 86 89 476 3.41214183377484
8 86 90 477 4.39428438236048
8 86 91 478 3.70949602877459
8 86 92 479 3.70106934496127
8 86 93 480 3.22076215282328
8 86 94 481 1.24701416614693
8 86 95 482 3.07239405609708
8 86 96 483 1.75570450024612
8 87 88 484 2.16299208968795
8 87 89 485 3.36857758755086
8 87 90 486 2.42145566214195
8 87 91 487 2.58086539786311
8 87 92 488 3.12951919095389
8 87 93 489 2.16709574351077
8 87 94 490 3.67532344672294
8 87 95 491 4.83433466781489
8 87 96 492 1.98709734929733
8 88 89 493 2.61439042627486
8 88 90 494 3.31359394589548
8 88 91 495 3.93818974291219
8 88 92 496 4.01231835263056
8 88 93 497 4.54149668047064
8 88 94 498 2.76858533977129
8 88 95 499 4.55182019871262
8 88 96 500 1.70509174677301
8 89 90 501 5.10566563174936
8 89 91 502 3.68213399473279
8 89 92 503 4.73081147670918
8 89 93 504 4.74727737723874
8 89 94 505 5.36923234513628
8 89 95 506 5.68909483811977
8 89 96 507 3.38280326138047
8 90 91 508 4.39884379366331
8 90 92 509 3.88574683288485
8 90 93 510 3.7570270073156
8 90 94 511 2.9024772114443
8 90 95 512 4.83832979941394
8 90 96 513 3.75322091914152
8 91 92 514 4.20871711551953
8 91 93 515 1.10677167081388
8 91 94 516 3.22904092995768
8 91 95 517 3.84642056188431
8 91 96 518 2.34515491650972
8 92 93 519 3.31925556562761
8 92 94 520 3.53365352170504
8 92 95 521 5.76413741528383
8 92 96 522 3.69699176138418
8 93 94 523 4.96122024116832
8 93 95 524 2.75940897929776
8 93 96 525 3.97499833315873
8 94 95 526 4.75315175354167
8 94 96 527 3.16113022346743
8 95 96 528 1.18037647596183
9 97 98 529 2.42699341531028
9 97 99 530 3.39797604378814
9 97 100 531 3.75590797431891
9 97 101 532 4.05416584898003
9 97 102 533 2.23483697317678
9 97 103 534 3.22331475484089
9 97 104 535 4.26846089182551
9 97 105 536 3.8403476511549
9 97 106 537 2.11611021372034
9 97 107 538 4.30835379884064
9 97 108 539 3.35512891242827
9 98 99 540 1.88794379521034
9 98 100 541 2.20430127845675
9 98 101 542 3.88999718351383
9 98 102 543 2.97505463797068
9 98 103 544 2.97431523623687
9 98 104 545 1.99624583392366
9 98 105 546 3.14964454464576
9 98 106 547 1.72658239174602
9 98 107 548 3.69514095738446
9 98 108 549 2.64125113801252
9 99 100 550 2.12546634947462
9 99 101 551 2.55382763589405
9 99 102 552 1.15674696281113
9 99 103 553 1.78397901017859
9 99 104 554 2.32761952655093
9 99 105 555 3.05245970163876
9 99 106 556 2.86960256930676
9 99 107 557 3.11154953878754
9 99 108 558 4.04806431689784
9 100 101 559 5.34054814209447
9 100 102 560 1.92478493778458
9 100 103 561 2.99536931372886
9 100 104 562 3.16821655396166
9 100 105 563 2.639555843965
9 100 106 564 2.62657108602525
9 100 107 565 3.06463136847225
9 100 108 566 3.20050522180135
9 101 102 567 2.5263755778879
9 101 103 568 2.79370544684926
9 101 104 569 3.07295454977419
9 101 105 570 3.56921734045527
9 101 106 571 2.66265912457057
9 101 107 572 2.89791556238534
9 101 108 573 0.551385290374742
9 102 103 574 2.64481111905342
9 102 104 575 2.10339931776244
9 102 105 576 4.00055708198275
9 102 106 577 3.16380311859337
9 102 107 578 2.98163924193488
9 102 108 579 3.6184175670764
9 103 104 580 2.49140053357226
9 103 105 581 3.09826058012688
9 103 106 582 2.06470528906749
9 103 107 583 4.25267755226478
9 103 108 584 2.55789504065751
9 104 105 585 3.30188110570475
9 104 106 586 1.43917888741176
9 104 107 587 3.78656960872028
9 104 108 588 4.44656471653611
9 105 106 589 2.11662683697753
9 105 107 590 2.55142244358205
9 105 108 591 3.38669417475986
9 106 107 592 3.13008034793171
9 106 108 593 2.15480519483998
9 107 108 594 3.22203461665539
10 109 110 595 4.3931906956226
10 109 111 596 2.84150696451056
10 109 112 597 3.7538479066026
10 109 113 598 3.93512309825849
10 109 114 599 3.78024609461856
10 109 115 600 3.19529342587414
10 109 116 601 4.02200429512415
10 109 117 602 4.81629331182562
10 109 118 603 3.30408231262472
10 109 119 604 3.53681287287769
10 109 120 605 4.79175925658693
10 110 111 606 6.01942911408926
10 110 112 607 3.20521346245858
10 110 113 608 2.874106420642
10 110 114 609 4.52316603492746
10 110 115 610 3.82237342432016
10 110 116 611 4.70812372611239
10 110 117 612 4.19260775931035
10 110 118 613 3.82840673609196
10 110 119 614 4.09755111491303
10 110 120 615 5.29768282727868
10 111 112 616 3.71028646999471
10 111 113 617 2.11108803746357
10 111 114 618 2.34069693899033
10 111 115 619 3.14762876315913
10 111 116 620 2.76289823996973
10 111 117 621 4.25130630735138
10 111 118 622 2.33505772633487
10 111 119 623 2.10413153093462
10 111 120 624 3.6869140971177
10 112 113 625 1.81396048656373
10 112 114 626 2.82729014325262
10 112 115 627 2.84182004983059
10 112 116 628 0.740211919114097
10 112 117 629 0.932802452531767
10 112 118 630 1.27105454610162
10 112 119 631 2.21486130470031
10 112 120 632 2.58565385717775
10 113 114 633 4.51833788284929
10 113 115 634 3.81785595146057
10 113 116 635 3.10488655128487
10 113 117 636 3.13265870782401
10 113 118 637 3.08101741826023
10 113 119 638 3.20910013282595
10 113 120 639 4.45570230778701
10 114 115 640 4.84289518303354
10 114 116 641 3.54466664754828
10 114 117 642 3.53307537778665
10 114 118 643 3.30714748730313
10 114 119 644 3.99628990162539
10 114 120 645 5.25112829059783
10 115 116 646 3.25074994907408
10 115 117 647 2.30843991986531
10 115 118 648 2.06843119221631
10 115 119 649 3.70154376053286
10 115 120 650 4.21251365315285
10 116 117 651 3.83860225209456
10 116 118 652 1.9680504058657
10 116 119 653 3.28591774480599
10 116 120 654 2.58103336938166
10 117 118 655 1.90068253710831
10 117 119 656 2.76129832013338
10 117 120 657 4.30117195803514
10 118 119 658 2.29615937013778
10 118 120 659 3.77272635923861
10 119 120 660 2.58543502619116
11 121 122 661 3.48393111572347
11 121 123 662 3.51697742055652
11 121 124 663 4.39329088133615
11 121 125 664 3.54021252070852
11 121 126 665 2.46201031815346
11 121 127 666 3.68350212270259
11 121 128 667 3.62144506311351
11 121 129 668 2.50701180499353
11 121 130 669 4.1069847403655
11 121 131 670 2.95520954484637
11 121 132 671 2.06229504795497
11 122 123 672 2.4247296035665
11 122 124 673 2.80137767156797
11 122 125 674 2.90215905125401
11 122 126 675 2.54348525752998
11 122 127 676 1.45602385993717
11 122 128 677 2.73730828111397
11 122 129 678 3.13259874255679
11 122 130 679 3.24300757063209
11 122 131 680 1.93936247452922
11 122 132 681 1.35921873793937
11 123 124 682 1.93801320116995
11 123 125 683 2.4502772783379
11 123 126 684 1.4625765893547
11 123 127 685 1.19408458592173
11 123 128 686 1.98736062572115
11 123 129 687 2.06346630363603
11 123 130 688 2.88737568674225
11 123 131 689 2.59366107238733
11 123 132 690 1.67327372586861
11 124 125 691 4.49781169134076
11 124 126 692 4.03434322180239
11 124 127 693 2.75781594623006
11 124 128 694 2.7429437809641
11 124 129 695 4.30319164652989
11 124 130 696 5.34489559485498
11 124 131 697 3.6512976187653
11 124 132 698 3.66124554851374
11 125 126 699 3.99342137842791
11 125 127 700 3.63951181992538
11 125 128 701 2.45347319597804
11 125 129 702 4.24691483120934
11 125 130 703 2.89510540205595
11 125 131 704 2.30329565121164
11 125 132 705 4.11271275927755
11 126 127 706 1.27297006680701
11 126 128 707 1.74277278454337
11 126 129 708 1.47439263043071
11 126 130 709 1.9866294697292
11 126 131 710 1.26109998626762
11 126 132 711 2.266008409799
11 127 128 712 3.36867167602333
11 127 129 713 2.27531472463595
11 127 130 714 3.35011730822335
11 127 131 715 1.65265708683778
11 127 132 716 3.01868017273918
11 128 129 717 2.16513848372517
11 128 130 718 3.7954280873574
11 128 131 719 2.27563003669986
11 128 132 720 3.69867421234794
11 129 130 721 3.1089204403331
11 129 131 722 2.69036784907966
11 129 132 723 2.57601071730587
11 130 131 724 4.21925534986208
11 130 132 725 3.35858810673476
11 131 132 726 2.67063705158405
12 133 134 727 2.06559025233658
12 133 135 728 2.97132762175291
12 133 136 729 1.94445451143973
12 133 137 730 3.78903072081955
12 133 138 731 3.95901624365719
12 133 139 732 1.34664114572679
12 133 140 733 0.590801253856868
12 133 141 734 3.11519212955804
12 133 142 735 2.79952522644409
12 133 143 736 2.21787038496472
12 133 144 737 4.71498538744799
12 134 135 738 2.58022698231569
12 134 136 739 2.54986130450093
12 134 137 740 2.00132906812984
12 134 138 741 2.65450151671583
12 134 139 742 0.867265754786614
12 134 140 743 2.04214045013111
12 134 141 744 3.30572210605412
12 134 142 745 3.39361960050743
12 134 143 746 2.58437837762614
12 134 144 747 3.66045111100363
12 135 136 748 2.47998544856705
12 135 137 749 2.33725368316372
12 135 138 750 2.50306327176274
12 135 139 751 1.68303629801152
12 135 140 752 2.16061461789614
12 135 141 753 3.99749682761366
12 135 142 754 3.87626272504318
12 135 143 755 2.55645703703025
12 135 144 756 4.08609962346712
12 136 137 757 4.27175293305792
12 136 138 758 1.73402945229419
12 136 139 759 1.60147430178629
12 136 140 760 1.5792940174803
12 136 141 761 3.06793527888143
12 136 142 762 3.39383161648354
12 136 143 763 2.94495964653812
12 136 144 764 3.23708782063496
12 137 138 765 2.85598193155573
12 137 139 766 0.448985542624413
12 137 140 767 1.83476076171138
12 137 141 768 2.43001737995754
12 137 142 769 2.97173779115234
12 137 143 770 3.42077061875825
12 137 144 771 2.94285748256922
12 138 139 772 2.32054324408976
12 138 140 773 2.53153782955564
12 138 141 774 3.89851183922145
12 138 142 775 3.77213931378425
12 138 143 776 2.88185732217451
12 138 144 777 3.13560884412609
12 139 140 778 2.08841706821797
12 139 141 779 1.7884582199232
12 139 142 780 2.51420548518457
12 139 143 781 2.46018157174451
12 139 144 782 3.46644571825351
12 140 141 783 3.22850156649419
12 140 142 784 3.86847588936128
12 140 143 785 3.25072408919698
12 140 144 786 4.62367266510972
12 141 142 787 3.5937443357095
12 141 143 788 2.5472269824542
12 141 144 789 3.66437554915955
12 142 143 790 3.83659740041457
12 142 144 791 3.46618817008881
12 143 144 792 4.55811750089758
13 145 146 793 3.01090675331825
13 145 147 794 2.37428860791161
13 145 148 795 2.28368407836968
13 145 149 796 3.92052963472879
13 145 150 797 2.72241526867542
13 145 151 798 3.61093591761228
13 145 152 799 2.75295828330186
13 145 153 800 1.78766398804715
13 145 154 801 2.43887790667142
13 145 155 802 2.21877125231276
13 145 156 803 2.38262960246214
13 146 147 804 1.68223910493927
13 146 148 805 3.3796954254542
13 146 149 806 4.7900028635279
13 146 150 807 5.09758325501446
13 146 151 808 4.78326066343744
13 146 152 809 3.55046825053355
13 146 153 810 3.45235075374529
13 146 154 811 4.12021424520475
13 146 155 812 3.2749179502997
13 146 156 813 5.22481377749763
13 147 148 814 4.08312644845701
13 147 149 815 4.76664110282523
13 147 150 816 5.72486352420492
13 147 151 817 5.5095819184429
13 147 152 818 4.94364808130065
13 147 153 819 3.20979870603658
13 147 154 820 3.80646361612544
13 147 155 821 4.13678778340342
13 147 156 822 6.0050628288815
13 148 149 823 4.21913388348744
13 148 150 824 3.8309424110615
13 148 151 825 3.77316775284183
13 148 152 826 4.06374145853898
13 148 153 827 2.4568071666958
13 148 154 828 3.82767931237765
13 148 155 829 3.5647731895849
13 148 156 830 2.52238365109479
13 149 150 831 5.51539209722365
13 149 151 832 3.57098309051163
13 149 152 833 4.20055977660869
13 149 153 834 3.25271398489514
13 149 154 835 2.96661381458726
13 149 155 836 4.75817442044517
13 149 156 837 4.69613696784308
13 150 151 838 6.02403558943639
13 150 152 839 4.95844841977434
13 150 153 840 2.71463514736426
13 150 154 841 4.23144034269878
13 150 155 842 3.1009644210931
13 150 156 843 4.2024099508342
13 151 152 844 4.15462317033427
13 151 153 845 2.53720178694985
13 151 154 846 3.4726722971279
13 151 155 847 3.23669828235324
13 151 156 848 4.1425150136521
13 152 153 849 3.30465662598916
13 152 154 850 5.01162387211425
13 152 155 851 4.7095938741136
13 152 156 852 4.79968711393183
13 153 154 853 3.31431992529557
13 153 155 854 4.5147918410819
13 153 156 855 4.43316530572389
13 154 155 856 4.32104630342654
13 154 156 857 4.83567160693215
13 155 156 858 5.67909942425934
14 157 158 859 1.75486947771293
14 157 159 860 2.21377916698019
14 157 160 861 1.83639372135813
14 157 161 862 1.47370635899378
14 157 162 863 1.39661490208644
14 157 163 864 2.41048494737301
14 157 164 865 1.30109294093509
14 157 165 866 0.842339633530111
14 157 166 867 0.851755397382387
14 157 167 868 2.77289337808575
14 157 168 869 3.34189938770198
14 158 159 870 3.20200548822969
14 158 160 871 2.87868801798578
14 158 161 872 2.21802338138146
14 158 162 873 1.84547384358181
14 158 163 874 3.10374258594543
14 158 164 875 2.21344858481948
14 158 165 876 1.31100980883009
14 158 166 877 1.0663313228888
14 158 167 878 3.17873129534594
14 158 168 879 2.88285075358984
14 159 160 880 2.86237263737977
14 159 161 881 3.60902487280692
14 159 162 882 3.36958991057102
14 159 163 883 3.37877079263709
14 159 164 884 2.0978033197081
14 159 165 885 2.30151238455908
14 159 166 886 2.09547760584467
14 159 167 887 2.50816368407091
14 159 168 888 3.39960886406364
14 160 161 889 3.26483387614737
14 160 162 890 2.81683347159144
14 160 163 891 2.81891867838274
14 160 164 892 4.10099162487811
14 160 165 893 2.11572017444581
14 160 166 894 3.26530169016849
14 160 167 895 4.04206789084685
14 160 168 896 4.29369452159245
14 161 162 897 2.74884672140189
14 161 163 898 2.3433767836655
14 161 164 899 2.67296799620433
14 161 165 900 1.76383050854463
14 161 166 901 2.07630412762924
14 161 167 902 0.968556256925991
14 161 168 903 3.22406894054781
14 162 163 904 3.79958185698979
14 162 164 905 1.94788330028465
14 162 165 906 2.2186069992134
14 162 166 907 0.501504673570551
14 162 167 908 2.47504201128926
14 162 168 909 2.97864007239887
14 163 164 910 2.64511467769982
14 163 165 911 1.80906632259245
14 163 166 912 2.01978433319562
14 163 167 913 3.60953265403633
14 163 168 914 3.20566567821471
14 164 165 915 2.14571795003268
14 164 166 916 1.07589103408587
14 164 167 917 3.30736299303241
14 164 168 918 2.64934975857367
14 165 166 919 2.11913791886613
14 165 167 920 4.24621970279932
14 165 168 921 4.00891464410387
14 166 167 922 2.15345816320318
14 166 168 923 3.08838341905578
14 167 168 924 3.9336741104838
15 169 170 925 2.31829403777584
15 169 171 926 3.35366077339029
15 169 172 927 3.66337653952356
15 169 173 928 2.08083031398626
15 169 174 929 1.86090065136318
15 169 175 930 4.02262427338253
15 169 176 931 1.51777601346989
15 169 177 932 4.27323203246589
15 169 178 933 3.69992231645926
15 169 179 934 4.12468826188132
15 169 180 935 3.64368533181197
15 170 171 936 0.738275437149463
15 170 172 937 1.44562354001277
15 170 173 938 1.47331822868473
15 170 174 939 1.19242859764749
15 170 175 940 3.13742876005987
15 170 176 941 0.86332170982663
15 170 177 942 3.03291072371607
15 170 178 943 2.81331782618957
15 170 179 944 2.38002207331937
15 170 180 945 1.66277135913378
15 171 172 946 3.60125095646271
15 171 173 947 1.78022452796284
15 171 174 948 1.59174656905619
15 171 175 949 3.49059104637907
15 171 176 950 2.00173544444873
15 171 177 951 2.90232528002139
15 171 178 952 2.92550331921479
15 171 179 953 3.93241850919388
15 171 180 954 3.49210001744998
15 172 173 955 2.85973341243316
15 172 174 956 2.04901020159245
15 172 175 957 5.74449591321328
15 172 176 958 1.95390037584935
15 172 177 959 3.74321198293995
15 172 178 960 3.34962469069417
15 172 179 961 3.10174336776986
15 172 180 962 4.06215649264387
15 173 174 963 0.40640709908122
15 173 175 964 2.21398994467968
15 173 176 965 1.37607974368425
15 173 177 966 2.88329149957462
15 173 178 967 3.05897612888643
15 173 179 968 1.55808942185353
15 173 180 969 1.41682679764416
15 174 175 970 3.5559615669821
15 174 176 971 1.55215567647144
15 174 177 972 3.90360475253317
15 174 178 973 2.67618834214634
15 174 179 974 2.85095271100079
15 174 180 975 2.35267066177339
15 175 176 976 1.59116116435265
15 175 177 977 3.00927680767259
15 175 178 978 2.50426416349833
15 175 179 979 3.77994338034384
15 175 180 980 3.24223122058962
15 176 177 981 2.91890204410149
15 176 178 982 2.67210012630115
15 176 179 983 3.83454054686363
15 176 180 984 2.31433773207945
15 177 178 985 4.38776091967603
15 177 179 986 3.72139159408533
15 177 180 987 3.43023391910644
15 178 179 988 3.73053150624557
15 178 180 989 3.80173786063986
15 179 180 990 3.17370517485219
16 181 182 991 4.46668891370915
16 181 183 992 1.67353775630517
16 181 184 993 3.77484402405232
16 181 185 994 4.8796085640639
16 181 186 995 3.41922646383778
16 181 187 996 4.19025318022115
16 181 188 997 1.68953099754202
16 181 189 998 2.35089440471987
16 181 190 999 4.21468698973845
16 181 191 1000 4.41005621582675
16 181 192 1001 3.77375183717607
16 182 183 1002 4.56451318558834
16 182 184 1003 4.67731211259282
16 182 185 1004 4.5910635228974
16 182 186 1005 4.82395911224213
16 182 187 1006 2.87453600973924
16 182 188 1007 4.33002729936935
16 182 189 1008 2.8712825769577
16 182 190 1009 5.18286090213874
16 182 191 1010 5.97617581373715
16 182 192 1011 4.41996042923582
16 183 184 1012 2.99043982079159
16 183 185 1013 5.18714775537204
16 183 186 1014 3.64478775092973
16 183 187 1015 3.03106850109316
16 183 188 1016 2.67058300791347
16 183 189 1017 3.73297305236714
16 183 190 1018 4.15567094766464
16 183 191 1019 3.75460179870731
16 183 192 1020 3.01884049300655
16 184 185 1021 4.52965182574048
16 184 186 1022 2.73678787178033
16 184 187 1023 2.83082317159522
16 184 188 1024 2.80787487182308
16 184 189 1025 1.13157857729549
16 184 190 1026 4.06373929210687
16 184 191 1027 5.06634596772656
16 184 192 1028 2.60900226181137
16 185 186 1029 2.50762498234023
16 185 187 1030 3.00689660082872
16 185 188 1031 3.42235385061886
16 185 189 1032 2.45156120482171
16 185 190 1033 3.05373621106309
16 185 191 1034 3.18363677631586
16 185 192 1035 3.27067824585358
16 186 187 1036 3.14601328674789
16 186 188 1037 2.99956380538763
16 186 189 1038 1.81196429729948
16 186 190 1039 2.97654035001144
16 186 191 1040 3.60134981866806
16 186 192 1041 3.36649434598514
16 187 188 1042 3.82319568314417
16 187 189 1043 4.15961251964089
16 187 190 1044 3.51787984586613
16 187 191 1045 3.83445001043448
16 187 192 1046 4.69655947053874
16 188 189 1047 3.46140137849275
16 188 190 1048 3.88994535735629
16 188 191 1049 4.42719192080708
16 188 192 1050 3.72951235233922
16 189 190 1051 3.91500476113774
16 189 191 1052 4.55218963677956
16 189 192 1053 3.26875279524494
16 190 191 1054 5.27909261267904
16 190 192 1055 3.61816329898204
16 191 192 1056 3.36244197459418
17 193 194 1057 3.52435500755993
17 193 195 1058 1.78662311942026
17 193 196 1059 4.13889116620634
17 193 197 1060 3.13370413377646
17 193 198 1061 4.02718131070816
17 193 199 1062 2.45820837734249
17 193 200 1063 2.93139259464379
17 193 201 1064 2.36219515502718
17 193 202 1065 1.90975244533675
17 193 203 1066 4.02517595347574
17 193 204 1067 2.65707595800034
17 194 195 1068 3.48736684551798
17 194 196 1069 4.03418175437409
17 194 197 1070 4.07434946794313
17 194 198 1071 4.30639349681743
17 194 199 1072 3.50655532031946
17 194 200 1073 3.29889638679088
17 194 201 1074 3.42619317461087
17 194 202 1075 3.26411738932523
17 194 203 1076 5.13282952766798
17 194 204 1077 3.87700367297725
17 195 196 1078 2.98758820137392
17 195 197 1079 4.20603502897125
17 195 198 1080 2.92227467802067
17 195 199 1081 2.74635938588198
17 195 200 1082 1.76891275603686
17 195 201 1083 1.45584747300621
17 195 202 1084 2.84834051947638
17 195 203 1085 2.73262058981752
17 195 204 1086 2.41198676551516
17 196 197 1087 4.18511175263959
17 196 198 1088 3.43791324466686
17 196 199 1089 2.76490827555032
17 196 200 1090 3.87629837850796
17 196 201 1091 3.0744031585404
17 196 202 1092 2.96962164497258
17 196 203 1093 4.280236817084
17 196 204 1094 3.85147470885878
17 197 198 1095 2.1696024207448
17 197 199 1096 2.47086845668462
17 197 200 1097 3.17343600481866
17 197 201 1098 0.899513046872563
17 197 202 1099 1.91235151190175
17 197 203 1100 1.18192148986284
17 197 204 1101 1.35426527687578
17 198 199 1102 2.36208552560557
17 198 200 1103 2.97476764702423
17 198 201 1104 2.0113903139892
17 198 202 1105 2.20023733843119
17 198 203 1106 2.93452814835687
17 198 204 1107 4.19111035750581
17 199 200 1108 4.28807421933716
17 199 201 1109 1.43214354862683
17 199 202 1110 3.64181603381748
17 199 203 1111 3.79534142076114
17 199 204 1112 4.14547803765662
17 200 201 1113 0.646885323382089
17 200 202 1114 2.93743070413218
17 200 203 1115 2.30502172103776
17 200 204 1116 3.02868396939714
17 201 202 1117 3.2455154756633
17 201 203 1118 2.96164359589025
17 201 204 1119 3.20727877898761
17 202 203 1120 3.07641378110098
17 202 204 1121 4.18591128527375
17 203 204 1122 4.14075371724741
18 205 206 1123 3.90724551779905
18 205 207 1124 3.77836474587378
18 205 208 1125 3.35561311853174
18 205 209 1126 2.4840333060309
18 205 210 1127 3.56627036472031
18 205 211 1128 3.67671938538289
18 205 212 1129 2.37322139941284
18 205 213 1130 2.73296021470699
18 205 214 1131 3.15677618712188
18 205 215 1132 1.99338549953987
18 205 216 1133 2.5650959411126
18 206 207 1134 1.8371056085018
18 206 208 1135 1.00647781752463
18 206 209 1136 0.564461338204062
18 206 210 1137 2.0462473401305
18 206 211 1138 2.24734774459316
18 206 212 1139 0.730514181194425
18 206 213 1140 2.38486510243317
18 206 214 1141 2.42905586028697
18 206 215 1142 0.898660967532741
18 206 216 1143 1.7152867330699
18 207 208 1144 2.12545428177601
18 207 209 1145 1.26319462914079
18 207 210 1146 3.83969679304488
18 207 211 1147 2.6525635404677
18 207 212 1148 1.96483242770984
18 207 213 1149 1.99341404759133
18 207 214 1150 2.79107258195419
18 207 215 1151 2.57659220394665
18 207 216 1152 3.47676952669932
18 208 209 1153 2.83095509242041
18 208 210 1154 4.59285898805315
18 208 211 1155 4.3086236826846
18 208 212 1156 3.61231690383355
18 208 213 1157 4.22360705705776
18 208 214 1158 3.00900738141798
18 208 215 1159 2.70543126432851
18 208 216 1160 3.09769465702008
18 209 210 1161 3.77281496489204
18 209 211 1162 2.83248372763834
18 209 212 1163 2.87807429101103
18 209 213 1164 2.9110701833859
18 209 214 1165 2.86660004344788
18 209 215 1166 0.946464332681466
18 209 216 1167 2.93447752246333
18 210 211 1168 3.57340982354333
18 210 212 1169 3.62570572755372
18 210 213 1170 3.81471717723106
18 210 214 1171 4.36396822878885
18 210 215 1172 2.8549802253102
18 210 216 1173 3.57371858170847
18 211 212 1174 3.77711601278641
18 211 213 1175 4.04035701050616
18 211 214 1176 3.76593018244823
18 211 215 1177 3.77390478860203
18 211 216 1178 3.12092646018388
18 212 213 1179 2.89995703288729
18 212 214 1180 2.30000187802211
18 212 215 1181 1.82056077653067
18 212 216 1182 3.79123633289583
18 213 214 1183 2.43136659617826
18 213 215 1184 2.65118977698136
18 213 216 1185 3.34267914678195
18 214 215 1186 1.24539518868583
18 214 216 1187 3.05660653948834
18 215 216 1188 2.19642634755706
19 217 218 1189 2.99947413273586
19 217 219 1190 5.24059711546814
19 217 220 1191 3.361923165284
19 217 221 1192 4.63938820844083
19 217 222 1193 4.92112701886674
19 217 223 1194 2.7860571397097
19 217 224 1195 2.7386991126678
19 217 225 1196 0.945377422579828
19 217 226 1197 3.92514821873584
19 217 227 1198 3.51867213495659
19 217 228 1199 3.06204124201388
19 218 219 1200 2.79468685724448
19 218 220 1201 2.70585891382441
19 218 221 1202 3.0354949017302
19 218 222 1203 4.5035306536839
19 218 223 1204 3.79726586187623
19 218 224 1205 3.45225202794314
19 218 225 1206 1.96636588392142
19 218 226 1207 2.89092262121385
19 218 227 1208 3.09337370727443
19 218 228 1209 3.47995395600085
19 219 220 1210 3.53270413081469
19 219 221 1211 4.94012839460878
19 219 222 1212 3.93540623476063
19 219 223 1213 5.29200975785451
19 219 224 1214 2.97289630045686
19 219 225 1215 2.12301322838501
19 219 226 1216 3.63056505223881
19 219 227 1217 5.71276733069339
19 219 228 1218 3.65894655066536
19 220 221 1219 4.6831844014623
19 220 222 1220 4.70993015115326
19 220 223 1221 4.00760407950779
19 220 224 1222 3.56781142433852
19 220 225 1223 1.40931535731107
19 220 226 1224 2.57107615989815
19 220 227 1225 3.26462404156027
19 220 228 1226 3.34954820507761
19 221 222 1227 4.41350318000265
19 221 223 1228 3.86357660907581
19 221 224 1229 3.42936135452601
19 221 225 1230 1.79275175992227
19 221 226 1231 3.21271062173017
19 221 227 1232 3.95181143762407
19 221 228 1233 3.24686471698343
19 222 223 1234 2.99927111359109
19 222 224 1235 3.53764803900054
19 222 225 1236 2.14642654341103
19 222 226 1237 3.72803998697049
19 222 227 1238 3.82913158031918
19 222 228 1239 2.52596095658487
19 223 224 1240 3.30361907210613
19 223 225 1241 2.73221987054809
19 223 226 1242 3.73281674776377
19 223 227 1243 3.07612853707259
19 223 228 1244 3.26955268227432
19 224 225 1245 2.55019565535375
19 224 226 1246 3.34797859173526
19 224 227 1247 4.05850941687544
19 224 228 1248 4.31033026510771
19 225 226 1249 3.06196839040147
19 225 227 1250 5.10225365379642
19 225 228 1251 3.72495627196936
19 226 227 1252 3.68784133384333
19 226 228 1253 3.86447154880704
19 227 228 1254 2.95929802062973
20 229 230 1255 3.0055426605536
20 229 231 1256 3.22725765173878
20 229 232 1257 4.27018944178365
20 229 233 1258 3.10377363532644
20 229 234 1259 2.78546626803434
20 229 235 1260 4.45962381877649
20 229 236 1261 2.27020701893233
20 229 237 1262 3.82734787032032
20 229 238 1263 1.91185431181958
20 229 239 1264 4.73570338557845
20 229 240 1265 2.69489866162507
20 230 231 1266 2.18160277094054
20 230 232 1267 3.7520584224297
20 230 233 1268 5.03546987472922
20 230 234 1269 3.54691294664393
20 230 235 1270 2.23077278088507
20 230 236 1271 3.03033041165009
20 230 237 1272 3.83303648208981
20 230 238 1273 3.56907409076492
20 230 239 1274 4.54037216390266
20 230 240 1275 3.28442275888155
20 231 232 1276 4.83900638846469
20 231 233 1277 3.68330441634094
20 231 234 1278 3.19005948683919
20 231 235 1279 4.30508676040338
20 231 236 1280 4.59331290313995
20 231 237 1281 3.96697861518868
20 231 238 1282 3.83078285728185
20 231 239 1283 5.04019157695077
20 231 240 1284 4.32620191509323
20 232 233 1285 3.10774030531708
20 232 234 1286 2.43177111373588
20 232 235 1287 3.64106925183544
20 232 236 1288 3.31961387211472
20 232 237 1289 2.52915805036873
20 232 238 1290 1.94937923970698
20 232 239 1291 4.34301267704235
20 232 240 1292 2.88631139475107
20 233 234 1293 5.15257822549108
20 233 235 1294 4.28297826437631
20 233 236 1295 3.39360494021388
20 233 237 1296 4.05665077461275
20 233 238 1297 3.28624934149088
20 233 239 1298 6.18812536917451
20 233 240 1299 5.31609290924731
20 234 235 1300 3.26644383742903
20 234 236 1301 2.43031630604817
20 234 237 1302 2.14779031635891
20 234 238 1303 1.70587424673182
20 234 239 1304 4.37179730046921
20 234 240 1305 3.90544587265185
20 235 236 1306 3.53852633259336
20 235 237 1307 3.68688197468761
20 235 238 1308 2.36286031157794
20 235 239 1309 4.29431166008745
20 235 240 1310 3.99753486664467
20 236 237 1311 3.93901084855143
20 236 238 1312 2.47205537180219
20 236 239 1313 4.96827773422267
20 236 240 1314 2.08170570022871
20 237 238 1315 0.916480589100845
20 237 239 1316 4.00364258705109
20 237 240 1317 2.90466710194073
20 238 239 1318 4.9067566449867
20 238 240 1319 2.83847593460791
20 239 240 1320 3.83447413979824
1 2 1 1 3.08368446411431
1 3 1 2 2.91387087247817
1 4 1 3 0.745646850684743
1 5 1 4 3.16217033132116
1 6 1 5 3.1454595010638
1 7 1 6 3.71246837593855
1 8 1 7 1.81498735549256
1 9 1 8 2.61359424923825
1 10 1 9 2.80120056239994
1 11 1 10 2.04855344237866
1 12 1 11 3.39416026309782
1 3 2 12 2.48226768458266
1 4 2 13 0.0626291993667842
1 5 2 14 1.69503345310351
1 6 2 15 2.06509751007501
1 7 2 16 2.713558803457
1 8 2 17 1.15842451749934
1 9 2 18 2.69535862746227
1 10 2 19 2.02254028974279
1 11 2 20 1.67501023451774
1 12 2 21 2.36972889594251
1 4 3 22 2.68777855330041
1 5 3 23 3.64191959614955
1 6 3 24 3.6621394334046
1 7 3 25 2.42889748343384
1 8 3 26 2.22712347153933
1 9 3 27 2.83958379330922
1 10 3 28 2.11394260395533
1 11 3 29 2.89930316894893
1 12 3 30 3.60342389033223
1 5 4 31 2.82402014783274
1 6 4 32 3.36723371772192
1 7 4 33 2.92240188401735
1 8 4 34 1.7942589173683
1 9 4 35 2.76296440293425
1 10 4 36 2.15458440146446
1 11 4 37 2.56716976806895
1 12 4 38 2.51281503387232
1 6 5 39 3.55642351447914
1 7 5 40 3.39919930458126
1 8 5 41 3.4532144438223
1 9 5 42 3.99511344443714
1 10 5 43 2.8036115625514
1 11 5 44 3.44410180043764
1 12 5 45 2.56829278624166
1 7 6 46 2.56634479390606
1 8 6 47 1.67237058376142
1 9 6 48 2.72246570318055
1 10 6 49 3.15336303660187
1 11 6 50 2.56837164424029
1 12 6 51 3.46137332901455
1 8 7 52 2.4427367106531
1 9 7 53 2.1856161580405
1 10 7 54 3.31591162294453
1 11 7 55 1.48846891671326
1 12 7 56 3.01789381378262
1 9 8 57 2.37255419975108
1 10 8 58 2.70592911482773
1 11 8 59 3.14641843573081
1 12 8 60 3.63676020875424
1 10 9 61 2.73382557499528
1 11 9 62 3.09301406068261
1 12 9 63 2.99584891372694
1 11 10 64 1.49110396983187
1 12 10 65 1.57592335005993
1 12 11 66 2.88934193314694
2 14 13 67 3.78687806662802
2 15 13 68 4.41423722680258
2 16 13 69 2.73893567573827
2 17 13 70 3.49158935304863
2 18 13 71 4.93417380369409
2 19 13 72 3.89753973512431
2 20 13 73 5.47536384312228
2 21 13 74 2.71696728663095
2 22 13 75 4.82952791929559
2 23 13 76 3.52182238433019
2 24 13 77 4.61585556425834
2 15 14 78 2.20241090141385
2 16 14 79 1.46825138416768
2 17 14 80 2.0068551800496
2 18 14 81 2.01312428466861
2 19 14 82 3.79941412093119
2 20 14 83 3.35948344650344
2 21 14 84 0.0399622046192036
2 22 14 85 2.77939252343071
2 23 14 86 2.23629095100342
2 24 14 87 3.24438137566997
2 16 15 88 3.39983065052303
2 17 15 89 4.94452738645811
2 18 15 90 3.56660601462761
2 19 15 91 5.08297165198196
2 20 15 92 4.85663025213859
2 21 15 93 3.30673974437378
2 22 15 94 4.40206717620926
2 23 15 95 4.95021299965662
2 24 15 96 4.97584360353558
2 17 16 97 4.0923261714462
2 18 16 98 3.30238582813455
2 19 16 99 3.17801682198894
2 20 16 100 4.28413671435637
2 21 16 101 2.24772054820275
2 22 16 102 2.32322602752136
2 23 16 103 2.19583692657034
2 24 16 104 3.99841294786929
2 18 17 105 3.73034585203302
2 19 17 106 3.67293745481548
2 20 17 107 3.60969782571574
2 21 17 108 2.0592009443724
2 22 17 109 3.8772409418456
2 23 17 110 4.4220267852028
2 24 17 111 4.47648632076036
2 19 18 112 3.61322852751351
2 20 18 113 3.33650466730561
2 21 18 114 2.45815521403408
2 22 18 115 2.38689495215808
2 23 18 116 1.659701783016
2 24 18 117 3.35133888075232
2 20 19 118 3.25333281033158
2 21 19 119 2.1283215722249
2 22 19 120 2.85423951869611
2 23 19 121 4.00436986822057
2 24 19 122 4.05705786681785
2 21 20 123 2.73624080587747
2 22 20 124 3.71900506511903
2 23 20 125 4.32372128893942
2 24 20 126 5.20813560092349
2 22 21 127 3.07505683503103
2 23 21 128 3.32876113693033
2 24 21 129 5.016196250464
2 23 22 130 3.46538811027794
2 24 22 131 3.53185258027665
2 24 23 132 4.58833706826231
3 26 25 133 2.2967262326837
3 27 25 134 2.90725789995835
3 28 25 135 2.90316908039389
3 29 25 136 3.43735357860526
3 30 25 137 2.55294291109083
3 31 25 138 1.72873604649803
3 32 25 139 2.05509755452145
3 33 25 140 3.65548712148559
3 34 25 141 2.20601528696561
3 35 25 142 2.04495189540859
3 36 25 143 2.91270434372784
3 27 26 144 3.3283107149382
3 28 26 145 2.94454097307733
3 29 26 146 3.41891817766908
3 30 26 147 3.01515961971775
3 31 26 148 4.27305471067804
3 32 26 149 3.45268048475393
3 33 26 150 3.78902330466574
3 34 26 151 2.60327378653879
3 35 26 152 2.93763996071753
3 36 26 153 1.759028115402
3 28 27 154 3.37671363794136
3 29 27 155 3.01387465751319
3 30 27 156 2.88538261680983
3 31 27 157 3.26174713303084
3 32 27 158 3.69535433762401
3 33 27 159 4.4542504202311
3 34 27 160 1.63555926690353
3 35 27 161 2.78820880417726
3 36 27 162 2.00713204048942
3 29 28 163 2.69152327724371
3 30 28 164 2.37790122599007
3 31 28 165 2.75571668546935
3 32 28 166 2.9745982293662
3 33 28 167 2.36103468125588
3 34 28 168 1.51059761893874
3 35 28 169 2.63932482015053
3 36 28 170 1.05170694041388
3 30 29 171 3.33410449495609
3 31 29 172 4.24480730534476
3 32 29 173 4.32688701456379
3 33 29 174 3.71724993985866
3 34 29 175 3.30164054467288
3 35 29 176 2.79132295348577
3 36 29 177 3.11744149785195
3 31 30 178 5.43470880785308
3 32 30 179 5.50332372603117
3 33 30 180 5.12897612687131
3 34 30 181 3.9444802401003
3 35 30 182 3.48073688161928
3 36 30 183 2.55285383660569
3 32 31 184 2.8544330170031
3 33 31 185 3.70293839599454
3 34 31 186 3.93450556733228
3 35 31 187 3.2283731412493
3 36 31 188 2.65749476927785
3 33 32 189 5.55106006048423
3 34 32 190 4.56120568662042
3 35 32 191 4.39532555911875
3 36 32 192 3.5503452780733
3 34 33 193 2.61911911022746
3 35 33 194 1.8357990380952
3 36 33 195 2.16876677216396
3 35 34 196 2.50353949200933
3 36 34 197 0.702875960301154
3 36 35 198 2.6921500390019
4 38 37 199 3.50618197588833
4 39 37 200 2.86352288763021
4 40 37 201 3.33042460270862
4 41 37 202 2.95524716683845
4 42 37 203 2.54222197971819
4 43 37 204 2.87906260170008
4 44 37 205 2.62853295132414
4 45 37 206 3.41723642373237
4 46 37 207 3.53432399420162
4 47 37 208 1.76338639982885
4 48 37 209 3.55769378918171
4 39 38 210 1.95859503632703
4 40 38 211 3.81445897550336
4 41 38 212 3.47520219660429
4 42 38 213 4.04924070732977
4 43 38 214 1.90520844932535
4 44 38 215 3.94368980430652
4 45 38 216 2.41417418309461
4 46 38 217 5.18453893496912
4 47 38 218 3.12182832850034
4 48 38 219 2.99525177385095
4 40 39 220 3.79210850667609
4 41 39 221 2.9604479374646
4 42 39 222 3.03356492555471
4 43 39 223 4.24029595122856
4 44 39 224 3.12024383676922
4 45 39 225 3.46358215137406
4 46 39 226 3.97071931324034
4 47 39 227 4.36950174804464
4 48 39 228 3.75257411767975
4 41 40 229 3.98015524383207
4 42 40 230 3.9769599999959
4 43 40 231 2.5665927218146
4 44 40 232 3.21626145573279
4 45 40 233 4.41110439902516
4 46 40 234 2.80447100806025
4 47 40 235 2.11173817993082
4 48 40 236 3.14358518681855
4 42 41 237 2.57057316929814
4 43 41 238 1.93729612241298
4 44 41 239 2.36833996646316
4 45 41 240 1.76791901742366
4 46 41 241 3.67736013515069
4 47 41 242 1.26861515035946
4 48 41 243 2.27905238649289
4 43 42 244 2.87501281687479
4 44 42 245 2.83274397652728
4 45 42 246 3.1154859725187
4 46 42 247 3.59813935716252
4 47 42 248 2.61251183796939
4 48 42 249 3.60639861878596
4 44 43 250 2.47925869256853
4 45 43 251 3.45093321229727
4 46 43 252 4.381519880513
4 47 43 253 3.55362692338599
4 48 43 254 2.75729381573335
4 45 44 255 4.27741908993725
4 46 44 256 3.38714639593474
4 47 44 257 3.3164214032619
4 48 44 258 3.10416297940955
4 46 45 259 3.0887852121566
4 47 45 260 2.42923806817554
4 48 45 261 3.57867605522567
4 47 46 262 3.13641474564784
4 48 46 263 3.07579001374663
4 48 47 264 3.19483432275883
5 50 49 265 2.19798738765655
5 51 49 266 3.50505521937279
5 52 49 267 3.00899768704294
5 53 49 268 3.38881966668582
5 54 49 269 2.04869477303913
5 55 49 270 2.14594219817801
5 56 49 271 2.96800936161134
5 57 49 272 3.25294374673395
5 58 49 273 2.95276975632919
5 59 49 274 5.18023335990151
5 60 49 275 4.38208643151124
5 51 50 276 3.90280739314195
5 52 50 277 2.50733597325495
5 53 50 278 2.79766750661479
5 54 50 279 2.80424212197554
5 55 50 280 3.95843879105378
5 56 50 281 2.96424296815514
5 57 50 282 4.14321327325663
5 58 50 283 2.56006787415353
5 59 50 284 4.46485876930647
5 60 50 285 4.04372976292657
5 52 51 286 2.52925237632576
5 53 51 287 2.46711380237948
5 54 51 288 1.74774020292452
5 55 51 289 2.89661195886907
5 56 51 290 2.66024583536981
5 57 51 291 5.0566869151548
5 58 51 292 2.15406223839616
5 59 51 293 4.6576789896704
5 60 51 294 3.37711668309124
5 53 52 295 3.9023037353566
5 54 52 296 4.13953489260653
5 55 52 297 3.41420046708394
5 56 52 298 3.03876739750798
5 57 52 299 4.90520700192971
5 58 52 300 3.83111915297945
5 59 52 301 3.75776306689048
5 60 52 302 4.00939033498287
5 54 53 303 3.93513423023664
5 55 53 304 5.20535230708729
5 56 53 305 4.95432448720835
5 57 53 306 6.02196708167541
5 58 53 307 4.6640017240133
5 59 53 308 6.67696373111257
5 60 53 309 4.44821771523202
5 55 54 310 4.0093473978135
5 56 54 311 2.51390981828366
5 57 54 312 3.86146995672401
5 58 54 313 2.97117819820403
5 59 54 314 4.9420663407426
5 60 54 315 3.368163971458
5 56 55 316 4.51149775740654
5 57 55 317 5.70976639410735
5 58 55 318 4.41266361955452
5 59 55 319 5.14379857183662
5 60 55 320 3.88458103999613
5 57 56 321 4.94676514096125
5 58 56 322 3.68155491243545
5 59 56 323 5.93670519580387
5 60 56 324 3.36789360735112
5 58 57 325 3.05754258895485
5 59 57 326 4.21611864059425
5 60 57 327 2.50181898493286
5 59 58 328 4.0047455426363
5 60 58 329 4.8832722161813
5 60 59 330 4.84011364194362
6 62 61 331 2.74503622472654
6 63 61 332 3.82898331120092
6 64 61 333 1.93481302974571
6 65 61 334 2.81449173948042
6 66 61 335 3.59700967212694
6 67 61 336 2.52158748503582
6 68 61 337 2.09880218877036
6 69 61 338 3.28235938655337
6 70 61 339 3.80241432648177
6 71 61 340 4.03985700154718
6 72 61 341 3.93409821539029
6 63 62 342 3.60310266213728
6 64 62 343 2.70422975433655
6 65 62 344 3.85687961443545
6 66 62 345 2.85578349795748
6 67 62 346 2.13706134651995
6 68 62 347 1.78453351587597
6 69 62 348 2.74103285362359
6 70 62 349 3.29345341748099
6 71 62 350 2.25290224813235
6 72 62 351 3.07084020915303
6 64 63 352 3.60443193307624
6 65 63 353 3.65338278832073
6 66 63 354 3.47096673573266
6 67 63 355 2.91564557320824
6 68 63 356 3.98081853358716
6 69 63 357 3.43880539095707
6 70 63 358 4.22316154803232
6 71 63 359 4.51425469632213
6 72 63 360 2.91402615262454
6 65 64 361 3.44783933790208
6 66 64 362 2.35037478173106
6 67 64 363 1.61200730568487
6 68 64 364 2.78777859800594
6 69 64 365 2.29951432529617
6 70 64 366 3.18504943105095
6 71 64 367 5.22395934058776
6 72 64 368 2.36312542436806
6 66 65 369 3.62609710681734
6 67 65 370 1.84843050536907
6 68 65 371 2.43711717678438
6 69 65 372 4.20924957849058
6 70 65 373 3.18259386276881
6 71 65 374 4.18616085782029
6 72 65 375 3.92353570427213
6 67 66 376 4.39172685716421
6 68 66 377 3.20322123887802
6 69 66 378 5.38433446966097
6 70 66 379 5.49109152504121
6 71 66 380 4.9899999226084
6 72 66 381 3.87987065627377
6 68 67 382 3.22980431264283
6 69 67 383 3.13550627033385
6 70 67 384 4.01229966738385
6 71 67 385 5.04212333472442
6 72 67 386 3.01775793157255
6 69 68 387 1.89180299644213
6 70 68 388 4.21231983978697
6 71 68 389 3.57495096020133
6 72 68 390 2.13287148053692
6 70 69 391 2.92704659569944
6 71 69 392 5.34701020960672
6 72 69 393 3.38787403707185
6 71 70 394 5.33485000588807
6 72 70 395 4.28548807890199
6 72 71 396 3.12656043105759
7 74 73 397 4.94315344317551
7 75 73 398 3.21281242643265
7 76 73 399 3.44022751684897
7 77 73 400 4.44455216307673
7 78 73 401 3.01225369961833
7 79 73 402 2.49694227424785
7 80 73 403 3.14402926792677
7 81 73 404 4.31962236299226
7 82 73 405 3.3798946412272
7 83 73 406 4.37723830346434
7 84 73 407 4.90426661398182
7 75 74 408 2.1193566618216
7 76 74 409 3.31298258886365
7 77 74 410 4.30748989500942
7 78 74 411 1.9546930372123
7 79 74 412 2.58783213123923
7 80 74 413 2.36321045150437
7 81 74 414 1.7743252658391
7 82 74 415 1.61153360208787
7 83 74 416 2.6829317603178
7 84 74 417 2.75656244429472
7 76 75 418 4.54176430241741
7 77 75 419 3.52307479179197
7 78 75 420 3.86457527401354
7 79 75 421 3.15102348101646
7 80 75 422 5.21628581728631
7 81 75 423 3.63244521010819
7 82 75 424 3.70231962373556
7 83 75 425 3.87435562469926
7 84 75 426 5.15408888441742
7 77 76 427 2.50188930208415
7 78 76 428 2.20939690472241
7 79 76 429 1.27303947578011
7 80 76 430 2.89614092745029
7 81 76 431 2.69923752024867
7 82 76 432 1.56209093624527
7 83 76 433 2.21654835275972
7 84 76 434 3.8892300852544
7 78 77 435 2.37647769146935
7 79 77 436 3.04408725140854
7 80 77 437 4.39193711602099
7 81 77 438 3.61979517732804
7 82 77 439 3.80784874447524
7 83 77 440 4.10496336370718
7 84 77 441 4.48261018187432
7 79 78 442 3.2242584489746
7 80 78 443 5.04193281262087
7 81 78 444 4.92140167450589
7 82 78 445 4.78607707613222
7 83 78 446 4.635500904519
7 84 78 447 4.27706828692262
7 80 79 448 2.71164071265137
7 81 79 449 3.35621205746582
7 82 79 450 3.40075471386763
7 83 79 451 3.42115589651528
7 84 79 452 3.65907983393829
7 81 80 453 3.46439833015843
7 82 80 454 1.5735530045827
7 83 80 455 2.76734685916206
7 84 80 456 4.50088640800398
7 82 81 457 3.98022232589452
7 83 81 458 3.55900440989619
7 84 81 459 3.66815780588405
7 83 82 460 3.0534499718701
7 84 82 461 2.909159202137
7 84 83 462 4.40812705126038
8 86 85 463 3.36859884700607
8 87 85 464 3.46122530500404
8 88 85 465 2.58710797046666
8 89 85 466 4.04379160301514
8 90 85 467 3.52298857722864
8 91 85 468 1.67006400868541
8 92 85 469 2.93337395065258
8 93 85 470 2.89958045084759
8 94 85 471 4.02960392387371
8 95 85 472 2.27643800631994
8 96 85 473 3.76486300086394
8 87 86 474 2.52371839949263
8 88 86 475 2.66213197105675
8 89 86 476 4.69110873929326
8 90 86 477 2.5348067300313
8 91 86 478 2.52998558545461
8 92 86 479 2.58163534470064
8 93 86 480 2.9172497574865
8 94 86 481 3.24893422432479
8 95 86 482 2.90175719346396
8 96 86 483 2.81188292227073
8 88 87 484 1.73008913065267
8 89 87 485 3.70920453244183
8 90 87 486 2.98037574145282
8 91 87 487 2.7900723004971
8 92 87 488 2.28760770664729
8 93 87 489 1.65106471203509
8 94 87 490 4.56096177611942
8 95 87 491 3.52812551955865
8 96 87 492 2.31643124407569
8 89 88 493 2.32583368203641
8 90 88 494 2.80215700029563
8 91 88 495 0.957057952215452
8 92 88 496 2.90871502208832
8 93 88 497 2.95115088329248
8 94 88 498 3.09834462144664
8 95 88 499 2.71001906123123
8 96 88 500 3.16177666033561
8 90 89 501 4.2025858537026
8 91 89 502 3.82575872421848
8 92 89 503 2.73301014344121
8 93 89 504 3.90023802728526
8 94 89 505 5.11746010238436
8 95 89 506 3.35563551015124
8 96 89 507 3.62531916268672
8 91 90 508 3.34660804636187
8 92 90 509 3.48764504549418
8 93 90 510 3.17530858856288
8 94 90 511 3.60648846064847
8 95 90 512 4.04052389885115
8 96 90 513 4.84242137115272
8 92 91 514 2.66126906470809
8 93 91 515 2.5152276975902
8 94 91 516 4.01152973188846
8 95 91 517 3.56693843318595
8 96 91 518 3.16234842955701
8 93 92 519 4.16763945177615
8 94 92 520 5.11331743523284
8 95 92 521 4.9558138347996
8 96 92 522 4.21687283990396
8 94 93 523 4.3181497691523
8 95 93 524 2.57511111912537
8 96 93 525 4.42397336453109
8 95 94 526 3.13809190714386
8 96 94 527 3.87655379635095
8 96 95 528 3.45362113414509
9 98 97 529 3.29921354111045
9 99 97 530 3.29154138425726
9 100 97 531 2.90216591906211
9 101 97 532 3.49197569446568
9 102 97 533 3.16901819613016
9 103 97 534 2.95454358879007
9 104 97 535 4.06145910031237
9 105 97 536 3.99823738591123
9 106 97 537 2.89108775957696
9 107 97 538 3.41614891426313
9 108 97 539 2.36462896927893
9 99 98 540 2.54833279311371
9 100 98 541 3.47686071557157
9 101 98 542 2.98667872400954
9 102 98 543 4.92766536761733
9 103 98 544 2.58074970533144
9 104 98 545 3.95013603143096
9 105 98 546 3.19355831954119
9 106 98 547 1.96477522834084
9 107 98 548 4.23850278923377
9 108 98 549 2.88018417626793
9 100 99 550 2.07067261128195
9 101 99 551 3.95986767231042
9 102 99 552 2.32031050676635
9 103 99 553 2.88118249542895
9 104 99 554 3.37510283585131
9 105 99 555 3.00491641487495
9 106 99 556 3.10178561576202
9 107 99 557 2.5384365782078
9 108 99 558 3.3344701399238
9 101 100 559 3.54523680709739
9 102 100 560 2.46081276144317
9 103 100 561 1.61813791090185
9 104 100 562 4.15295827242707
9 105 100 563 2.66634033564526
9 106 100 564 3.03335978596543
9 107 100 565 3.08645676413603
9 108 100 566 3.28940338332148
9 102 101 567 3.33472352816105
9 103 101 568 3.68646154773837
9 104 101 569 4.24497562182485
9 105 101 570 4.39340235265713
9 106 101 571 2.60776441738382
9 107 101 572 3.62888393028988
9 108 101 573 2.669990324283
9 103 102 574 1.30483045206555
9 104 102 575 1.83052370305016
9 105 102 576 2.33239577393788
9 106 102 577 2.31723113524586
9 107 102 578 2.03639250389878
9 108 102 579 3.26247165378558
9 104 103 580 3.00894063560886
9 105 103 581 3.35719982777172
9 106 103 582 2.46975774863443
9 107 103 583 2.63840308506465
9 108 103 584 2.63547061632158
9 105 104 585 2.25810659626021
9 106 104 586 1.66979369921757
9 107 104 587 2.29708669583887
9 108 104 588 3.70395735632929
9 106 105 589 2.76107509556431
9 107 105 590 3.86344419514657
9 108 105 591 2.16752091335974
9 107 106 592 3.0002582488204
9 108 106 593 0.559736879864346
9 108 107 594 3.30371976358872
10 110 109 595 6.28786667393863
10 111 109 596 3.77323675599754
10 112 109 597 1.97813042031918
10 113 109 598 4.87038328550776
10 114 109 599 2.86197013467595
10 115 109 600 3.44589855355045
10 116 109 601 2.05901490736967
10 117 109 602 3.26752602516158
10 118 109 603 3.63489839098157
10 119 109 604 3.02610656542081
10 120 109 605 3.73935091226601
10 111 110 606 3.47914864644454
10 112 110 607 1.53491948161409
10 113 110 608 2.59378782725707
10 114 110 609 2.56093936577663
10 115 110 610 3.12684066710958
10 116 110 611 2.42348932431293
10 117 110 612 2.24446570905583
10 118 110 613 3.68856885305501
10 119 110 614 2.94798352557557
10 120 110 615 4.44919197488615
10 112 111 616 1.85929930283031
10 113 111 617 2.88759334248492
10 114 111 618 4.01177548590246
10 115 111 619 3.10088591284555
10 116 111 620 2.2836925729267
10 117 111 621 2.18851940631223
10 118 111 622 2.6407588706741
10 119 111 623 2.34750376035684
10 120 111 624 3.92804484191953
10 113 112 625 2.5744859698143
10 114 112 626 3.95406956156264
10 115 112 627 3.49512326827079
10 116 112 628 1.74491618460642
10 117 112 629 2.43880416497963
10 118 112 630 3.31264796787868
10 119 112 631 1.93286988693715
10 120 112 632 3.67186267546694
10 114 113 633 2.66500056458059
10 115 113 634 1.93106198302582
10 116 113 635 2.08880343661195
10 117 113 636 2.18173055421189
10 118 113 637 2.72045856904204
10 119 113 638 0.74573420599899
10 120 113 639 2.07304659179876
10 115 114 640 3.74154764828266
10 116 114 641 2.55624897930207
10 117 114 642 2.68194380725962
10 118 114 643 3.31462028446581
10 119 114 644 2.98723697987316
10 120 114 645 3.7891965791432
10 116 115 646 3.09288681982821
10 117 115 647 2.42884599730807
10 118 115 648 3.64337763750689
10 119 115 649 2.49557139723134
10 120 115 650 2.99429330688559
10 117 116 651 2.51390649203408
10 118 116 652 4.04838873231454
10 119 116 653 2.74184327590207
10 120 116 654 3.17673959553096
10 118 117 655 2.66009101049701
10 119 117 656 1.67154015152586
10 120 117 657 3.0257983313293
10 119 118 658 1.09839103332069
10 120 118 659 3.2770309244277
10 120 119 660 1.80251638823443
11 122 121 661 2.57060908765141
11 123 121 662 2.29149089295682
11 124 121 663 3.89518942867689
11 125 121 664 2.13964119230101
11 126 121 665 2.44324680375848
11 127 121 666 3.98200248040174
11 128 121 667 3.09964239237083
11 129 121 668 2.33109671385609
11 130 121 669 4.97229105800037
11 131 121 670 3.81988009129075
11 132 121 671 2.83853116767093
11 123 122 672 1.56865981840651
11 124 122 673 3.38040545989217
11 125 122 674 3.2166429896664
11 126 122 675 2.63596150198897
11 127 122 676 3.68448709599516
11 128 122 677 3.6594197804446
11 129 122 678 3.00164632409045
11 130 122 679 5.15050458982782
11 131 122 680 1.77595265115437
11 132 122 681 3.96472891381667
11 124 123 682 3.4561481331038
11 125 123 683 4.08304002326952
11 126 123 684 0.936484201016473
11 127 123 685 1.9925187578139
11 128 123 686 2.59688045019363
11 129 123 687 0.666434510366153
11 130 123 688 3.34204219854434
11 131 123 689 2.95840626775238
11 132 123 690 2.41964474039425
11 125 124 691 3.1403750755553
11 126 124 692 1.95131573638507
11 127 124 693 2.84559951727123
11 128 124 694 2.53550052311357
11 129 124 695 2.18836798849798
11 130 124 696 4.93596316017797
11 131 124 697 3.82009873155484
11 132 124 698 2.2265636382256
11 126 125 699 2.83482865579171
11 127 125 700 4.23438568333591
11 128 125 701 3.77574958895242
11 129 125 702 3.8431492747279
11 130 125 703 3.91777227867511
11 131 125 704 3.26668182671808
11 132 125 705 3.9515882150838
11 127 126 706 1.80592597844593
11 128 126 707 2.59132920251276
11 129 126 708 1.18898121625803
11 130 126 709 3.66311371505613
11 131 126 710 1.78245901494694
11 132 126 711 2.86889543982226
11 128 127 712 3.86632157694293
11 129 127 713 2.34026882761282
11 130 127 714 3.83301876414737
11 131 127 715 3.27707495266122
11 132 127 716 2.12774886181863
11 129 128 717 1.99295498096646
11 130 128 718 3.1609368321477
11 131 128 719 2.76378605906926
11 132 128 720 3.28770769884718
11 130 129 721 4.00694753588271
11 131 129 722 1.99758760519486
11 132 129 723 3.01114108182884
11 131 130 724 4.82131532424466
11 132 130 725 3.20699608272214
11 132 131 726 1.60517056394399
12 134 133 727 2.86705840294281
12 135 133 728 2.67735960754632
12 136 133 729 2.52153280016182
12 137 133 730 1.96663687627725
12 138 133 731 3.48626297804383
12 139 133 732 3.48973182305635
12 140 133 733 2.42345429565171
12 141 133 734 2.22776278059203
12 142 133 735 0.995159865217079
12 143 133 736 3.47381490249199
12 144 133 737 3.77833135292701
12 135 134 738 2.17029010749254
12 136 134 739 3.45991624361828
12 137 134 740 1.69114673744156
12 138 134 741 2.29853221032665
12 139 134 742 1.42112429677272
12 140 134 743 2.07224775915035
12 141 134 744 2.33793708909762
12 142 134 745 2.3699366751577
12 143 134 746 3.73006448360601
12 144 134 747 2.98317296487572
12 136 135 748 2.76646936607952
12 137 135 749 3.81973831587075
12 138 135 750 2.43704290931667
12 139 135 751 2.0167736956723
12 140 135 752 3.46377248506689
12 141 135 753 2.54386201868069
12 142 135 754 3.13359576611953
12 143 135 755 5.00528794791622
12 144 135 756 3.21363162559709
12 137 136 757 3.10360780013742
12 138 136 758 1.28680012592419
12 139 136 759 1.28402596416114
12 140 136 760 1.77358041795299
12 141 136 761 1.88435556255224
12 142 136 762 2.23867034822601
12 143 136 763 2.46964697102878
12 144 136 764 1.95122940082956
12 138 137 765 3.82520891916011
12 139 137 766 1.35550969152333
12 140 137 767 3.22992804520984
12 141 137 768 2.48526800947805
12 142 137 769 2.97245095607363
12 143 137 770 3.42986608851052
12 144 137 771 2.86548664875891
12 139 138 772 2.0732956003029
12 140 138 773 3.04634787403402
12 141 138 774 3.21642192883846
12 142 138 775 2.32204263449351
12 143 138 776 4.07278192810842
12 144 138 777 3.15904033468296
12 140 139 778 2.38701038556883
12 141 139 779 1.22771594444999
12 142 139 780 0.895173724352448
12 143 139 781 3.52467937865809
12 144 139 782 1.61842143258273
12 141 140 783 0.926474123664193
12 142 140 784 1.34306706799613
12 143 140 785 2.96785294248675
12 144 140 786 3.08305120094719
12 142 141 787 3.50372898317362
12 143 141 788 4.055879035158
12 144 141 789 3.86319799279108
12 143 142 790 4.52685474306001
12 144 142 791 3.48807651657455
12 144 143 792 4.30652776389534
13 146 145 793 3.97074642093274
13 147 145 794 3.3014216405216
13 148 145 795 2.38763204745805
13 149 145 796 3.79181059264188
13 150 145 797 4.09453341240879
13 151 145 798 2.9701027190038
13 152 145 799 4.22549265936859
13 153 145 800 3.81376220818963
13 154 145 801 3.29465185032674
13 155 145 802 2.6440736605706
13 156 145 803 3.44431159474749
13 147 146 804 3.54571160227689
13 148 146 805 4.43031632480936
13 149 146 806 4.54341893717277
13 150 146 807 4.23201702892963
13 151 146 808 2.80195194816916
13 152 146 809 4.64817201667093
13 153 146 810 3.86495837655695
13 154 146 811 5.15435539350057
13 155 146 812 4.31206050243071
13 156 146 813 4.5256365215265
13 148 147 814 2.24603496574399
13 149 147 815 3.07993726976342
13 150 147 816 3.79291523513381
13 151 147 817 3.37203228201049
13 152 147 818 3.30523667984411
13 153 147 819 2.93121799445462
13 154 147 820 2.15574230188963
13 155 147 821 1.5039303639171
13 156 147 822 4.02456071924676
13 149 148 823 3.72021975625057
13 150 148 824 4.47630936927587
13 151 148 825 3.74575615241639
13 152 148 826 5.06908966166791
13 153 148 827 3.72676905622549
13 154 148 828 3.65604573269136
13 155 148 829 2.55156915664163
13 156 148 830 3.44098012946327
13 150 149 831 5.49316245717678
13 151 149 832 3.44848536149643
13 152 149 833 5.54493578552267
13 153 149 834 3.90384521073974
13 154 149 835 4.96356265974931
13 155 149 836 4.14436435361572
13 156 149 837 5.75504759710546
13 151 150 838 4.09668364351723
13 152 150 839 5.72251688850209
13 153 150 840 4.36163069148361
13 154 150 841 4.54315765066959
13 155 150 842 4.33127365307399
13 156 150 843 4.67052012619344
13 152 151 844 5.38640051935179
13 153 151 845 4.79670911337131
13 154 151 846 4.74411332257456
13 155 151 847 5.26183809508441
13 156 151 848 5.56414258709317
13 153 152 849 4.58828684795013
13 154 152 850 4.42486464748378
13 155 152 851 4.67029522371821
13 156 152 852 4.40507011650346
13 154 153 853 4.23941717775912
13 155 153 854 3.53787768448099
13 156 153 855 3.35091100854418
13 155 154 856 4.00396017054845
13 156 154 857 4.96945561924882
13 156 155 858 4.10730519539952
14 158 157 859 2.04733786757128
14 159 157 860 2.17450197906085
14 160 157 861 3.05369112875739
14 161 157 862 3.19045990943509
14 162 157 863 2.43274783230426
14 163 157 864 2.59737978438459
14 164 157 865 2.50051630620278
14 165 157 866 2.886014635075
14 166 157 867 0.489077347226661
14 167 157 868 3.63736512571972
14 168 157 869 3.09453781066192
14 159 158 870 2.33987824859854
14 160 158 871 3.53401595376808
14 161 158 872 1.42197626649919
14 162 158 873 2.2831510127231
14 163 158 874 3.49388937875232
14 164 158 875 0.82633230719337
14 165 158 876 1.54598773696066
14 166 158 877 1.85627338022127
14 167 158 878 3.23146216021387
14 168 158 879 1.79279647864521
14 160 159 880 3.45968287757381
14 161 159 881 3.61996829697526
14 162 159 882 2.91896880303582
14 163 159 883 4.11215249249749
14 164 159 884 2.82141443272364
14 165 159 885 2.87507522360038
14 166 159 886 3.0076404441204
14 167 159 887 3.41655981477192
14 168 159 888 3.4506641199404
14 161 160 889 1.64747974649952
14 162 160 890 3.07875460939572
14 163 160 891 3.73930925232794
14 164 160 892 3.48094680306344
14 165 160 893 2.1918060824447
14 166 160 894 2.22835570544883
14 167 160 895 4.29144602355406
14 168 160 896 2.20219242537603
14 162 161 897 3.50843419008225
14 163 161 898 3.49545973780614
14 164 161 899 2.57763573301767
14 165 161 900 2.37448845635983
14 166 161 901 2.62482370792116
14 167 161 902 1.75822173029827
14 168 161 903 1.00596677147948
14 163 162 904 3.66410466905905
14 164 162 905 1.87365815055465
14 165 162 906 2.25754351374919
14 166 162 907 1.94637379939467
14 167 162 908 3.54419925427105
14 168 162 909 1.22272782422259
14 164 163 910 2.17711184944639
14 165 163 911 1.98265505787196
14 166 163 912 2.63335705266057
14 167 163 913 4.06373104555191
14 168 163 914 2.52061543370873
14 165 164 915 2.8074417339367
14 166 164 916 2.22830664058319
14 167 164 917 4.44135773843626
14 168 164 918 1.89872595548912
14 166 165 919 1.43740209318329
14 167 165 920 2.69167919570259
14 168 165 921 2.23350920610532
14 167 166 922 3.03414405568728
14 168 166 923 1.63481498677015
14 168 167 924 1.87415111658307
15 170 169 925 2.09169896008714
15 171 169 926 3.92338470648237
15 172 169 927 3.78858436922238
15 173 169 928 2.47099058571514
15 174 169 929 2.94725100805991
15 175 169 930 2.97034742432722
15 176 169 931 3.0062619576853
15 177 169 932 2.06279348264813
15 178 169 933 2.10807572223902
15 179 169 934 3.52105784123903
15 180 169 935 3.60576583183771
15 171 170 936 1.84290991903086
15 172 170 937 2.70409518067582
15 173 170 938 2.35279432341579
15 174 170 939 1.38606101902777
15 175 170 940 1.91266491449118
15 176 170 941 2.66991983527297
15 177 170 942 4.31506275525764
15 178 170 943 3.03041356364634
15 179 170 944 3.0577259908226
15 180 170 945 2.13144741919222
15 172 171 946 3.10818371475737
15 173 171 947 1.1055073771413
15 174 171 948 0.729388525778465
15 175 171 949 2.27096403503136
15 176 171 950 2.41316202210927
15 177 171 951 2.32367104761962
15 178 171 952 2.44808665341023
15 179 171 953 2.05720045349581
15 180 171 954 2.76980779405666
15 173 172 955 2.51462739245378
15 174 172 956 3.0554014937155
15 175 172 957 2.31613272211084
15 176 172 958 3.73912388557843
15 177 172 959 3.26860274632092
15 178 172 960 4.29966348766187
15 179 172 961 2.48277241900165
15 180 172 962 3.14187930665171
15 174 173 963 1.79381657983897
15 175 173 964 1.46664412700009
15 176 173 965 2.9996504181979
15 177 173 966 2.79852113224864
15 178 173 967 3.50254293227712
15 179 173 968 3.0812007600818
15 180 173 969 1.67086091056795
15 175 174 970 1.49040569240198
15 176 174 971 1.42418694498715
15 177 174 972 2.06411103501937
15 178 174 973 1.12176749297434
15 179 174 974 1.44553556001988
15 180 174 975 2.57868023065813
15 176 175 976 3.79522928655734
15 177 175 977 3.72386447445989
15 178 175 978 3.43942017526743
15 179 175 979 2.66575651328661
15 180 175 980 3.78725817371091
15 177 176 981 2.96510600054938
15 178 176 982 2.01434403230839
15 179 176 983 2.69730077775173
15 180 176 984 0.864782073122862
15 178 177 985 3.49959275599689
15 179 177 986 3.12199586136341
15 180 177 987 2.63235898700385
15 179 178 988 3.49756535271477
15 180 178 989 2.92468600413666
15 180 179 990 2.79907845736327
16 182 181 991 4.70779048686861
16 183 181 992 4.20560705075669
16 184 181 993 4.43135402162177
16 185 181 994 4.17000246529202
16 186 181 995 4.12597029223285
16 187 181 996 5.01619217197124
16 188 181 997 3.45615963163933
16 189 181 998 4.29021001153736
16 190 181 999 4.49233271386192
16 191 181 1000 3.29606116314734
16 192 181 1001 3.26085972478628
16 183 182 1002 4.37588822907381
16 184 182 1003 4.82717812855089
16 185 182 1004 3.93372928589005
16 186 182 1005 3.0708270353983
16 187 182 1006 4.44626936210428
16 188 182 1007 5.31985398806523
16 189 182 1008 3.20001068867744
16 190 182 1009 4.85467667698671
16 191 182 1010 4.47570666923844
16 192 182 1011 4.44296259040554
16 184 183 1012 4.03596865909572
16 185 183 1013 3.43654887400542
16 186 183 1014 4.62227150303318
16 187 183 1015 3.63438901800149
16 188 183 1016 3.27858755809267
16 189 183 1017 3.16604172356101
16 190 183 1018 4.26718475710875
16 191 183 1019 4.1806003786305
16 192 183 1020 4.14584288123962
16 185 184 1021 3.32791368353746
16 186 184 1022 3.44450191913474
16 187 184 1023 4.58715820096885
16 188 184 1024 3.73333082030899
16 189 184 1025 3.29149949623071
16 190 184 1026 3.67718011485693
16 191 184 1027 4.2248933899619
16 192 184 1028 3.10769566031074
16 186 185 1029 4.98793014075678
16 187 185 1030 4.91461659348404
16 188 185 1031 4.52952052670888
16 189 185 1032 3.86912789151133
16 190 185 1033 5.17509251224949
16 191 185 1034 5.13402888465215
16 192 185 1035 5.63390113151412
16 187 186 1036 3.42325897170545
16 188 186 1037 2.95553712817501
16 189 186 1038 3.14035466959859
16 190 186 1039 3.21849223452669
16 191 186 1040 3.034706986143
16 192 186 1041 3.99000753713554
16 188 187 1042 2.90228355976864
16 189 187 1043 2.88943833003617
16 190 187 1044 2.76363149415354
16 191 187 1045 2.42932615389699
16 192 187 1046 2.87508874136996
16 189 188 1047 2.97263931657418
16 190 188 1048 4.21395494373926
16 191 188 1049 4.08166672933683
16 192 188 1050 2.51269585621872
16 190 189 1051 3.75562192615818
16 191 189 1052 3.27251646316277
16 192 189 1053 2.63909921048747
16 191 190 1054 3.71403888903638
16 192 190 1055 4.4227498745727
16 192 191 1056 3.56080190668762
17 194 193 1057 2.81202600486283
17 195 193 1058 2.30471792068538
17 196 193 1059 3.43767794234673
17 197 193 1060 2.04391340847817
17 198 193 1061 3.18101506494834
17 199 193 1062 2.94892983948248
17 200 193 1063 0.656663781093706
17 201 193 1064 2.77666642613251
17 202 193 1065 2.12155818548096
17 203 193 1066 4.07464645220943
17 204 193 1067 2.52622493614421
17 195 194 1068 2.5850442553157
17 196 194 1069 3.65952510557779
17 197 194 1070 2.07772434950383
17 198 194 1071 1.81886241610271
17 199 194 1072 3.9312904829793
17 200 194 1073 2.80686647587318
17 201 194 1074 2.5711799817155
17 202 194 1075 2.89042235494096
17 203 194 1076 5.13111122619185
17 204 194 1077 4.53347061745163
17 196 195 1078 2.27995556762435
17 197 195 1079 3.99694625503799
17 198 195 1080 3.05364918111476
17 199 195 1081 3.81850654042869
17 200 195 1082 1.75700259977985
17 201 195 1083 1.98781410226798
17 202 195 1084 2.86086062439195
17 203 195 1085 3.8092167937303
17 204 195 1086 2.06450801203841
17 197 196 1087 1.52637815999606
17 198 196 1088 1.75509373259743
17 199 196 1089 3.88492817941557
17 200 196 1090 3.51954985343957
17 201 196 1091 3.2202912061726
17 202 196 1092 3.31173192215374
17 203 196 1093 3.12373676955783
17 204 196 1094 2.51749210335154
17 198 197 1095 1.85651922114625
17 199 197 1096 3.20937941756912
17 200 197 1097 2.54840549928735
17 201 197 1098 2.48362024539334
17 202 197 1099 3.16346589816971
17 203 197 1100 2.78347282329861
17 204 197 1101 2.10860497610984
17 199 198 1102 5.06720818944402
17 200 198 1103 2.89285504020681
17 201 198 1104 3.22069365300289
17 202 198 1105 3.76117359279011
17 203 198 1106 4.56776404438467
17 204 198 1107 4.04934126854925
17 200 199 1108 2.46170493126254
17 201 199 1109 2.90665228526665
17 202 199 1110 3.24975984315609
17 203 199 1111 4.87560677436832
17 204 199 1112 2.48866328061098
17 201 200 1113 0.787170063545648
17 202 200 1114 2.94786450562979
17 203 200 1115 4.33057311649434
17 204 200 1116 2.2838470811014
17 202 201 1117 1.07315927408696
17 203 201 1118 2.78687817956987
17 204 201 1119 2.04776675569472
17 203 202 1120 4.13688765525564
17 204 202 1121 3.67816399431378
17 204 203 1122 3.07589226863775
18 206 205 1123 2.31038012050751
18 207 205 1124 2.97490169525555
18 208 205 1125 3.38118815263634
18 209 205 1126 2.75238040750613
18 210 205 1127 4.39831808571392
18 211 205 1128 5.05658780657291
18 212 205 1129 3.03180509996037
18 213 205 1130 2.88575495267068
18 214 205 1131 4.01134158325692
18 215 205 1132 1.49431160181882
18 216 205 1133 3.50094408398868
18 207 206 1134 3.22284718792388
18 208 206 1135 4.70162827737605
18 209 206 1136 4.65327889292216
18 210 206 1137 4.59399372151794
18 211 206 1138 4.58294803304646
18 212 206 1139 2.75180862984531
18 213 206 1140 4.43866714071445
18 214 206 1141 3.80109085547445
18 215 206 1142 4.33806280407885
18 216 206 1143 5.37168646447188
18 208 207 1144 4.03144277259322
18 209 207 1145 2.84804659402876
18 210 207 1146 4.52367214361836
18 211 207 1147 3.49511491048223
18 212 207 1148 2.07304206039398
18 213 207 1149 2.82951686875852
18 214 207 1150 3.81254249169985
18 215 207 1151 2.92441493297618
18 216 207 1152 4.70091919473335
18 209 208 1153 2.5656741379648
18 210 208 1154 2.87703317810942
18 211 208 1155 3.18305737855196
18 212 208 1156 2.28221527763628
18 213 208 1157 4.5440362309377
18 214 208 1158 2.89005604644105
18 215 208 1159 2.20579192589739
18 216 208 1160 3.64089204819485
18 210 209 1161 3.66924244034708
18 211 209 1162 3.38946428299124
18 212 209 1163 3.04237289323553
18 213 209 1164 3.52194839082646
18 214 209 1165 3.611399983075
18 215 209 1166 2.38807873174572
18 216 209 1167 3.05358384809898
18 211 210 1168 3.50651040458317
18 212 210 1169 3.68055635430406
18 213 210 1170 4.0570908914867
18 214 210 1171 4.27811623036315
18 215 210 1172 2.73670414066491
18 216 210 1173 5.11674871329793
18 212 211 1174 3.09451602281884
18 213 211 1175 3.78603766366282
18 214 211 1176 2.78676156026669
18 215 211 1177 2.52864777203216
18 216 211 1178 3.74925595140542
18 213 212 1179 2.82430697310236
18 214 212 1180 1.57486005849466
18 215 212 1181 2.16037072139811
18 216 212 1182 3.7918107207628
18 214 213 1183 2.54083181301062
18 215 213 1184 2.45072721680998
18 216 213 1185 2.90950924050534
18 215 214 1186 3.0488005474686
18 216 214 1187 4.29789407367107
18 216 215 1188 2.44555694915963
19 218 217 1189 3.03880505119645
19 219 217 1190 3.760522446982
19 220 217 1191 3.36362361714104
19 221 217 1192 3.69180677583682
19 222 217 1193 4.10925371283098
19 223 217 1194 2.81041585402273
19 224 217 1195 3.04266417415526
19 225 217 1196 2.34345442181612
19 226 217 1197 2.60908537869489
19 227 217 1198 3.06508914279802
19 228 217 1199 2.51357401212264
19 219 218 1200 2.5706695793934
19 220 218 1201 3.99936874237812
19 221 218 1202 5.67792128709388
19 222 218 1203 2.97711594962184
19 223 218 1204 2.24422241925421
19 224 218 1205 2.97675735158024
19 225 218 1206 2.90241371868621
19 226 218 1207 4.04447565835419
19 227 218 1208 3.87234189184496
19 228 218 1209 2.56614775536146
19 220 219 1210 3.57463937069458
19 221 219 1211 2.89357721606314
19 222 219 1212 2.42461345649056
19 223 219 1213 3.13723053139952
19 224 219 1214 2.67668078173718
19 225 219 1215 3.56924640874763
19 226 219 1216 2.2256963909234
19 227 219 1217 3.8976054370401
19 228 219 1218 3.60486041899435
19 221 220 1219 3.86382620176902
19 222 220 1220 3.72461565020698
19 223 220 1221 2.88354680403267
19 224 220 1222 4.62565567146357
19 225 220 1223 2.76204817992333
19 226 220 1224 2.05215178126631
19 227 220 1225 2.94575689818271
19 228 220 1226 2.87171535070624
19 222 221 1227 3.12634429944771
19 223 221 1228 3.4815381038134
19 224 221 1229 3.0181492793746
19 225 221 1230 2.69782984981829
19 226 221 1231 3.38128220738755
19 227 221 1232 3.92022194328573
19 228 221 1233 3.22480860825738
19 223 222 1234 4.59711671915645
19 224 222 1235 4.57333395940931
19 225 222 1236 3.84042506789163
19 226 222 1237 3.43019975138929
19 227 222 1238 3.68691762281331
19 228 222 1239 4.12822901747054
19 224 223 1240 3.82531652895106
19 225 223 1241 3.98698336853245
19 226 223 1242 4.38458136625248
19 227 223 1243 3.54408806037803
19 228 223 1244 3.2828375146604
19 225 224 1245 2.9889317093099
19 226 224 1246 2.86342386466141
19 227 224 1247 3.40782088832539
19 228 224 1248 3.37403278829404
19 226 225 1249 1.82561133309314
19 227 225 1250 4.4989450309412
19 228 225 1251 2.58439166029725
19 227 226 1252 2.80079580614875
19 228 226 1253 3.1100546014483
19 228 227 1254 2.76856390009713
20 230 229 1255 3.94428194467463
20 231 229 1256 4.78251635559398
20 232 229 1257 4.7668954986587
20 233 229 1258 4.56935387597772
20 234 229 1259 3.43475001178336
20 235 229 1260 5.29197666405567
20 236 229 1261 4.20752729645198
20 237 229 1262 4.68533048129464
20 238 229 1263 4.00052470901232
20 239 229 1264 4.72344018821438
20 240 229 1265 4.16856806869965
20 231 230 1266 4.1020789988135
20 232 230 1267 2.73723936141136
20 233 230 1268 5.11222118012546
20 234 230 1269 4.00021441165522
20 235 230 1270 4.1490658118217
20 236 230 1271 3.45712809009501
20 237 230 1272 2.68297328016893
20 238 230 1273 3.96747129098504
20 239 230 1274 4.2941208926616
20 240 230 1275 1.54113856181031
20 232 231 1276 2.805801834143
20 233 231 1277 3.6289898780122
20 234 231 1278 3.18062313350867
20 235 231 1279 2.91753303711451
20 236 231 1280 2.80125920507672
20 237 231 1281 3.32511948846889
20 238 231 1282 2.35304852403112
20 239 231 1283 2.62348471598301
20 240 231 1284 1.73476669502059
20 233 232 1285 4.94297584061881
20 234 232 1286 3.00837540998062
20 235 232 1287 3.80851401019984
20 236 232 1288 3.18631412608062
20 237 232 1289 3.46068332460823
20 238 232 1290 3.83799278597147
20 239 232 1291 3.52638718049843
20 240 232 1292 3.67327515229224
20 234 233 1293 3.53371565243374
20 235 233 1294 3.9617047234186
20 236 233 1295 3.78082567883771
20 237 233 1296 3.29782614234208
20 238 233 1297 3.17085777649672
20 239 233 1298 3.71780963971379
20 240 233 1299 4.41301212324283
20 235 234 1300 4.68543423328736
20 236 234 1301 3.48368571356338
20 237 234 1302 1.44548561335217
20 238 234 1303 3.13566867945122
20 239 234 1304 3.42881819855709
20 240 234 1305 4.02010158884643
20 236 235 1306 2.98841696973636
20 237 235 1307 2.43726107985048
20 238 235 1308 1.74358332410451
20 239 235 1309 5.22147847474926
20 240 235 1310 3.5356476456805
20 237 236 1311 3.2890661756899
20 238 236 1312 3.72483635357934
20 239 236 1313 3.12351564742298
20 240 236 1314 2.77228221380778
20 238 237 1315 2.63715436215031
20 239 237 1316 3.80306156675899
20 240 237 1317 3.15751075691067
20 239 238 1318 2.76303591924401
20 240 238 1319 2.63558329794634
20 240 239 1320 5.73023142100868
